26, 3
25, 3
25, 4
25, 5
25, 6
25, 7
26, 7
27, 7
28, 7
28, 6
29, 6
29, 5
30, 5
30, 4
31, 4
30, 4
30, 5
30, 6
29, 6
29, 5
28, 5
30, 4
30, 3
31, 3
32, 3
32, 2
32, 1
32, 0
32, -1
31, -1
31, -2
30, -2
29, -2
28, -1
28, -2
30, -2
31, -2
32, -2
32, -1
33, -1
33, 0
34, 0
34, 1
34, 2
35, 3
35, 4
35, 5
36, 5
36, 6
37, 6
38, 6
39, 6
40, 6
41, 6
42, 6
43, 5
44, 4
44, 3
43, 3
42, 3
41, 3
40, 3
40, 2
39, 2
40, 2
41, 2
42, 3
43, 3
43, 4
42, 4
42, 3
41, 3
41, 2
41, 3
42, 3
43, 3
44, 4
45, 4
46, 4
46, 3
47, 3
48, 3
48, 4
47, 4
48, 4
48, 3
48, 4
47, 4
46, 4
47, 4
48, 4
47, 4
46, 4
46, 3
47, 3
47, 4
48, 4
49, 4
50, 4
51, 4
52, 4
52, 3
53, 3
54, 3
56, 3
57, 3
58, 3
59, 3
60, 3
61, 3
62, 3
63, 3
64, 3
65, 3
66, 3
65, 3
64, 3
63, 3
62, 3
61, 3
60, 3
59, 4
58, 4
59, 4
59, 3
60, 3
61, 3
62, 3
63, 3
64, 3
65, 3
66, 3
68, 3
69, 3
70, 3
71, 3
72, 3
73, 3
74, 3
75, 3
76, 3
77, 3
78, 3
79, 3
80, 3
81, 3
82, 3
83, 3
84, 3
85, 4
86, 4
87, 4
88, 4
89, 4
90, 4
92, 4
93, 4
93, 3
94, 3
94, 2
94, 1
94, 0
94, -1
94, -2
94, -3
94, -4
94, -6
94, -7
94, -8
94, -9
93, -9
93, -10
93, -11
93, -12
93, -13
93, -14
93, -15
93, -16
93, -17
93, -18
94, -20
94, -19
94, -18
94, -17
94, -16
94, -15
94, -14
94, -13
94, -11
94, -10
94, -9
94, -8
94, -7
94, -6
94, -5
94, -4
94, -3
94, -2
94, -1
94, 1
94, 2
94, 3
94, 4
93, 4
92, 4
91, 4
91, 3
90, 3
89, 3
89, 4
88, 4
87, 4
86, 4
85, 4
84, 4
83, 4
82, 4
81, 4
80, 4
80, 3
79, 3
78, 3
77, 3
76, 3
75, 3
74, 4
73, 4
72, 4
71, 4
70, 4
69, 4
68, 4
67, 4
66, 4
65, 4
64, 4
62, 4
61, 4
60, 4
60, 3
59, 3
58, 3
57, 3
56, 3
55, 3
55, 4
54, 4
53, 4
52, 4
51, 4
49, 4
48, 4
47, 4
46, 4
26, 3
26, 4
25, 4
25, 5
26, 6
27, 6
26, 6
27, 6
27, 4
26, 3
26, 3
790, 874
790, 875
791, 875
791, 877
792, 877
791, 878
790, 878
789, 878
790, 877
791, 877
791, 876
792, 876
792, 875
793, 875
792, 875
792, 876
792, 877
793, 877
793, 878
792, 877
791, 877
791, 876
791, 875
791, 874
790, 874
790, 875
791, 875
791, 876
791, 877
790, 877
790, 878
791, 878
791, 879
790, 879
789, 879
789, 880
788, 880
788, 879
789, 879
789, 878
788, 878
788, 877
788, 876
788, 875
788, 874
789, 873
790, 873
791, 874
791, 874
790, 874
790, 873
789, 873
788, 873
788, 874
788, 875
789, 875
789, 876
790, 876
790, 875
791, 875
791, 873
791, 874
790, 874
791, 874
790, 876
790, 877
789, 877
789, 878
790, 878
791, 879
791, 880
792, 880
792, 881
792, 882
791, 882
792, 882
793, 882
794, 883
791, 874
795, 883
795, 882
795, 881
795, 880
795, 879
795, 878
796, 878
790, 876
797, 878
791, 877
798, 878
792, 877
792, 876
793, 876
799, 878
799, 877
800, 877
793, 875
801, 877
794, 875
794, 877
795, 877
795, 878
795, 879
796, 879
802, 876
797, 879
803, 876
803, 875
798, 879
798, 878
799, 878
800, 878
801, 878
802, 878
803, 876
803, 878
804, 878
803, 877
804, 879
802, 877
803, 879
802, 878
803, 878
804, 879
803, 879
804, 880
804, 881
804, 882
805, 883
804, 883
804, 884
804, 883
804, 882
803, 880
805, 882
805, 881
805, 880
806, 880
806, 879
807, 879
807, 878
808, 878
808, 877
809, 877
810, 877
811, 877
812, 877
813, 877
813, 876
814, 876
815, 876
816, 876
817, 876
818, 876
819, 876
821, 876
822, 876
823, 876
803, 881
824, 877
804, 881
804, 882
825, 877
825, 878
826, 878
828, 879
805, 881
829, 879
830, 878
831, 877
832, 877
833, 877
834, 877
834, 878
835, 878
805, 880
806, 880
806, 879
808, 879
809, 879
809, 878
810, 877
811, 877
812, 876
813, 876
814, 876
815, 876
817, 876
818, 876
819, 876
820, 876
821, 876
822, 876
823, 876
824, 876
825, 876
825, 877
826, 877
827, 878
827, 879
828, 879
829, 879
830, 879
831, 879
832, 879
833, 879
834, 878
834, 879
834, 880
835, 880
836, 880
837, 881
838, 881
835, 879
838, 880
836, 879
836, 880
838, 879
838, 880
839, 880
837, 880
837, 881
838, 881
839, 882
838, 880
839, 883
839, 880
839, 884
839, 885
839, 886
839, 887
839, 888
839, 890
840, 890
840, 891
840, 892
841, 892
841, 893
841, 894
841, 895
841, 896
841, 897
841, 898
841, 899
841, 900
841, 901
841, 902
841, 903
841, 904
841, 905
841, 906
841, 907
841, 908
841, 909
841, 910
841, 911
841, 912
841, 914
841, 915
841, 916
841, 917
841, 918
841, 919
841, 920
841, 919
841, 918
841, 917
841, 916
841, 915
841, 914
841, 913
841, 912
841, 911
841, 910
841, 908
841, 907
841, 906
841, 905
841, 904
841, 903
841, 902
841, 901
841, 900
841, 899
841, 898
841, 897
841, 895
841, 894
841, 893
841, 892
839, 881
839, 882
839, 883
839, 884
839, 885
839, 886
839, 887
840, 887
840, 888
840, 889
840, 890
841, 893
841, 894
840, 891
841, 895
840, 892
841, 897
840, 893
841, 898
840, 894
841, 899
840, 895
841, 900
841, 901
841, 902
840, 896
841, 903
841, 904
841, 905
841, 906
840, 897
841, 907
841, 908
840, 899
841, 909
840, 900
841, 910
841, 900
841, 901
841, 911
841, 912
841, 902
841, 913
841, 903
841, 904
841, 914
841, 905
841, 915
841, 906
841, 916
841, 907
841, 917
841, 908
841, 918
841, 909
841, 919
841, 911
841, 921
841, 912
841, 922
841, 913
841, 923
841, 924
841, 914
841, 915
841, 916
840, 925
841, 917
841, 918
841, 919
840, 926
841, 920
839, 926
841, 921
839, 927
840, 927
840, 928
840, 929
841, 923
839, 929
839, 930
839, 931
841, 924
839, 932
841, 925
838, 933
838, 934
837, 934
841, 926
836, 934
840, 926
835, 935
840, 928
835, 936
840, 929
839, 929
839, 930
834, 937
838, 930
838, 931
833, 937
838, 932
837, 932
833, 938
837, 933
832, 938
836, 933
831, 939
836, 934
830, 939
836, 935
835, 935
829, 940
834, 935
828, 940
827, 940
833, 936
826, 940
825, 940
833, 937
825, 941
824, 941
832, 937
832, 938
823, 941
831, 938
823, 942
822, 942
830, 939
821, 942
820, 942
829, 940
820, 943
819, 943
828, 940
818, 943
817, 943
827, 940
816, 943
815, 943
826, 940
815, 944
814, 944
826, 941
825, 941
813, 945
824, 941
812, 945
824, 942
823, 942
811, 945
822, 942
810, 945
821, 942
809, 945
808, 945
820, 942
820, 943
808, 946
807, 946
819, 943
806, 946
818, 943
806, 945
805, 945
817, 943
804, 945
816, 943
803, 944
802, 944
815, 943
802, 943
801, 943
814, 943
813, 943
799, 944
812, 943
798, 944
811, 943
797, 944
810, 943
796, 944
809, 943
809, 944
795, 944
808, 944
807, 944
794, 944
806, 944
805, 944
804, 944
803, 944
793, 944
802, 944
801, 943
792, 944
800, 943
799, 943
798, 943
798, 944
791, 944
797, 944
796, 944
790, 944
789, 945
795, 944
790, 945
794, 944
789, 945
794, 945
793, 945
792, 945
791, 945
788, 945
790, 945
790, 946
789, 946
789, 945
790, 945
788, 946
791, 945
792, 945
793, 945
789, 946
794, 945
795, 945
796, 945
797, 945
790, 946
798, 945
790, 945
799, 945
791, 945
800, 945
801, 945
802, 945
792, 945
803, 945
793, 945
804, 945
805, 945
806, 945
794, 945
808, 945
809, 945
810, 945
811, 945
812, 945
813, 945
814, 944
815, 944
816, 944
816, 943
817, 943
795, 945
795, 946
818, 943
819, 943
820, 943
820, 942
821, 942
822, 941
823, 941
823, 940
824, 940
824, 939
824, 938
825, 937
824, 935
823, 935
823, 936
822, 936
821, 936
821, 935
797, 946
820, 935
820, 936
798, 946
799, 946
819, 937
800, 946
818, 937
801, 946
802, 946
803, 946
804, 946
818, 938
805, 946
805, 945
806, 945
818, 939
807, 945
808, 945
809, 945
810, 945
811, 944
812, 944
813, 944
814, 944
815, 944
818, 938
816, 944
818, 937
818, 936
817, 943
818, 935
818, 943
819, 943
819, 942
818, 934
819, 934
820, 942
819, 935
820, 943
819, 936
821, 943
819, 937
822, 943
820, 937
823, 943
820, 936
824, 943
821, 936
821, 937
822, 937
825, 943
822, 938
825, 942
826, 942
823, 938
827, 942
823, 937
828, 942
823, 938
829, 942
824, 938
830, 942
830, 941
825, 938
828, 941
828, 940
829, 940
824, 938
823, 938
829, 939
822, 937
827, 939
827, 940
821, 936
826, 940
820, 936
825, 940
824, 940
819, 936
824, 939
818, 937
817, 937
817, 938
824, 938
823, 938
817, 939
817, 940
822, 938
816, 940
822, 937
816, 941
815, 941
821, 937
815, 942
815, 943
816, 943
817, 943
818, 943
819, 943
820, 937
820, 944
820, 938
820, 945
819, 938
821, 946
819, 939
821, 947
818, 939
822, 947
818, 940
822, 948
822, 949
823, 949
819, 940
819, 941
822, 950
819, 942
819, 943
820, 943
820, 944
820, 945
820, 946
821, 946
822, 946
822, 947
823, 947
822, 949
822, 948
820, 947
820, 946
819, 945
818, 945
818, 944
817, 944
816, 943
823, 946
815, 943
822, 946
814, 942
822, 945
813, 942
821, 945
812, 941
820, 944
819, 944
811, 941
811, 940
810, 940
810, 939
819, 943
809, 939
808, 939
807, 939
806, 939
805, 939
818, 943
818, 942
817, 942
816, 942
804, 939
815, 942
803, 939
802, 939
801, 939
800, 940
799, 940
798, 941
797, 941
796, 942
795, 942
794, 943
793, 943
792, 943
792, 944
791, 944
790, 944
790, 945
789, 945
787, 945
786, 946
785, 946
784, 946
783, 946
815, 941
782, 947
781, 947
814, 941
780, 947
779, 948
813, 941
778, 948
777, 948
813, 940
776, 949
775, 949
775, 950
774, 950
812, 939
773, 950
772, 950
811, 939
772, 951
771, 951
770, 951
810, 939
809, 939
769, 951
808, 939
807, 939
768, 951
806, 939
805, 939
766, 951
804, 939
765, 952
803, 939
766, 952
802, 939
801, 939
800, 940
799, 940
798, 940
767, 952
798, 941
797, 941
768, 952
768, 951
797, 942
796, 942
795, 942
794, 943
793, 943
793, 944
792, 944
769, 951
792, 945
791, 945
791, 946
790, 946
789, 946
788, 946
787, 946
787, 947
768, 951
786, 947
767, 951
785, 947
767, 950
784, 947
768, 950
768, 949
767, 949
767, 950
766, 950
766, 951
765, 951
765, 952
764, 952
763, 952
762, 952
761, 952
760, 952
758, 952
757, 953
756, 953
755, 953
754, 953
754, 954
753, 954
784, 948
783, 948
753, 955
782, 948
781, 948
780, 948
754, 955
779, 949
778, 949
777, 949
775, 950
774, 950
773, 950
773, 951
772, 951
755, 955
771, 951
770, 951
755, 956
770, 952
755, 957
755, 958
755, 959
755, 960
755, 961
755, 962
755, 963
754, 963
754, 964
754, 965
753, 965
753, 966
753, 967
752, 967
752, 968
751, 968
751, 969
750, 969
750, 970
749, 970
749, 971
750, 972
749, 972
749, 973
749, 974
748, 974
748, 975
748, 976
747, 976
747, 977
746, 979
745, 980
744, 981
769, 952
744, 982
768, 952
743, 982
768, 953
767, 953
743, 983
742, 983
741, 984
766, 953
766, 954
740, 985
765, 954
739, 985
739, 986
764, 954
738, 986
737, 986
737, 987
763, 954
736, 987
735, 987
762, 954
735, 988
734, 988
761, 954
733, 988
760, 954
760, 955
733, 987
732, 987
759, 955
758, 955
758, 956
757, 957
733, 987
733, 986
757, 958
757, 959
757, 960
734, 986
734, 985
757, 961
735, 985
736, 985
736, 984
757, 962
737, 984
737, 983
757, 963
756, 964
755, 965
754, 965
754, 966
753, 966
753, 967
752, 967
752, 968
751, 968
751, 969
750, 969
750, 970
749, 970
749, 971
748, 972
748, 973
748, 974
747, 974
747, 975
747, 976
746, 977
745, 978
745, 979
745, 980
744, 980
743, 981
742, 981
742, 982
742, 983
741, 983
737, 984
737, 985
737, 986
737, 987
736, 987
735, 988
734, 989
734, 990
733, 990
733, 991
732, 991
731, 991
731, 992
730, 992
729, 992
729, 993
728, 993
727, 993
728, 993
727, 993
727, 994
727, 995
726, 995
725, 995
724, 995
723, 995
721, 995
720, 995
719, 995
718, 995
717, 995
741, 984
716, 995
715, 995
741, 985
714, 995
713, 995
740, 985
712, 995
739, 986
711, 995
738, 986
710, 995
709, 995
737, 986
708, 995
707, 995
736, 987
706, 995
735, 988
704, 995
734, 988
703, 995
733, 989
702, 995
701, 995
732, 989
700, 995
699, 995
732, 990
731, 990
698, 995
697, 995
731, 991
696, 995
695, 995
694, 995
731, 992
693, 995
692, 995
730, 992
691, 995
690, 995
689, 995
729, 992
688, 995
687, 995
728, 992
728, 993
687, 996
727, 993
687, 997
727, 994
686, 997
727, 995
685, 997
684, 997
725, 995
724, 995
683, 997
723, 995
722, 995
683, 996
721, 995
683, 995
720, 995
683, 994
719, 995
718, 995
716, 995
715, 995
714, 995
713, 995
712, 995
683, 993
682, 993
711, 995
710, 995
681, 993
709, 995
680, 993
708, 995
679, 993
707, 995
705, 995
679, 992
704, 995
678, 992
703, 995
678, 991
702, 995
678, 990
701, 995
677, 990
700, 995
677, 989
699, 995
698, 995
677, 988
697, 995
676, 988
696, 995
676, 987
695, 995
694, 995
675, 987
693, 995
675, 986
692, 995
691, 995
674, 986
674, 985
690, 995
673, 986
689, 995
673, 985
672, 985
688, 995
671, 985
671, 984
687, 995
670, 984
670, 983
669, 983
669, 982
668, 981
667, 981
666, 981
666, 980
665, 980
685, 995
684, 995
683, 995
684, 995
683, 995
683, 994
665, 979
666, 979
682, 993
666, 978
666, 977
682, 992
666, 976
682, 993
666, 975
666, 973
665, 973
665, 972
665, 971
665, 970
665, 969
665, 968
665, 967
681, 993
680, 993
678, 992
664, 967
678, 991
664, 966
678, 990
677, 990
663, 966
677, 989
677, 988
676, 987
662, 966
675, 987
675, 986
662, 965
674, 985
673, 985
672, 984
662, 964
662, 963
671, 984
671, 983
670, 983
661, 963
660, 963
670, 982
669, 982
659, 963
668, 981
657, 963
656, 963
655, 963
667, 981
654, 963
667, 980
653, 963
666, 980
652, 963
666, 979
651, 963
650, 963
666, 978
649, 963
648, 963
666, 977
647, 963
665, 977
646, 963
645, 963
644, 963
665, 976
643, 963
642, 963
641, 963
665, 975
640, 963
639, 963
665, 974
639, 962
638, 962
665, 973
665, 972
665, 971
638, 963
665, 970
637, 963
665, 969
665, 968
636, 963
665, 967
635, 963
664, 967
664, 966
634, 963
663, 966
633, 963
662, 966
633, 962
662, 965
662, 964
633, 961
662, 963
633, 960
660, 963
659, 963
633, 959
658, 963
657, 963
656, 963
655, 962
654, 962
633, 958
653, 962
653, 963
652, 963
632, 958
651, 963
649, 963
648, 963
647, 963
646, 963
645, 963
644, 963
643, 963
642, 963
641, 963
640, 963
639, 963
638, 963
633, 958
633, 957
633, 956
637, 963
633, 955
636, 963
633, 954
633, 953
635, 963
633, 952
633, 951
634, 963
633, 949
633, 963
633, 962
633, 961
633, 959
633, 958
633, 959
633, 960
633, 961
633, 962
633, 963
633, 950
633, 964
632, 964
632, 965
632, 966
632, 967
633, 949
632, 968
631, 968
633, 948
632, 968
633, 947
633, 946
633, 945
633, 943
633, 968
633, 942
634, 968
633, 943
635, 968
633, 944
633, 945
636, 968
637, 967
633, 946
633, 947
638, 967
639, 967
633, 949
639, 966
633, 950
640, 966
633, 951
640, 965
633, 952
633, 953
633, 954
633, 955
640, 966
633, 956
633, 957
633, 958
633, 959
633, 960
633, 961
633, 962
634, 962
641, 966
633, 962
640, 966
639, 966
633, 963
638, 966
637, 966
633, 964
636, 966
633, 965
635, 966
633, 966
634, 966
634, 967
632, 966
632, 968
632, 969
635, 967
634, 967
632, 970
634, 968
634, 967
635, 967
632, 969
632, 968
632, 969
633, 969
632, 969
632, 968
632, 967
634, 967
632, 966
634, 968
632, 965
632, 964
633, 964
633, 968
633, 963
633, 962
633, 961
633, 960
633, 959
633, 958
633, 957
633, 956
633, 955
633, 954
633, 953
633, 952
633, 951
633, 950
634, 951
634, 952
633, 952
634, 952
635, 952
636, 953
637, 953
638, 953
637, 953
637, 952
636, 952
636, 951
636, 950
637, 950
637, 949
638, 949
639, 949
640, 949
641, 948
642, 948
643, 948
644, 948
645, 948
646, 948
634, 967
634, 966
634, 967
634, 968
634, 969
633, 969
633, 968
634, 968
646, 948
634, 967
634, 966
646, 947
645, 948
644, 948
634, 967
645, 948
645, 947
646, 947
634, 968
647, 947
647, 946
635, 968
648, 946
635, 967
648, 947
636, 967
649, 947
636, 966
637, 966
638, 967
649, 948
638, 968
649, 949
638, 967
649, 950
648, 950
638, 966
647, 950
637, 966
648, 950
636, 966
649, 949
635, 966
635, 965
634, 965
634, 964
633, 964
633, 965
649, 949
649, 948
634, 965
635, 965
649, 949
650, 949
636, 966
636, 965
637, 965
638, 965
649, 949
638, 966
638, 967
649, 948
648, 948
647, 948
638, 968
638, 969
647, 947
647, 949
638, 968
647, 950
638, 967
646, 950
645, 950
646, 950
647, 950
648, 949
648, 948
649, 948
650, 948
649, 948
649, 949
649, 950
649, 949
650, 948
650, 949
650, 948
651, 948
651, 949
652, 949
652, 948
652, 949
652, 948
652, 949
652, 948
651, 948
651, 949
651, 948
651, 947
651, 948
651, 949
651, 950
651, 951
652, 951
651, 951
651, 952
651, 953
651, 955
651, 956
651, 955
652, 955
653, 955
653, 956
654, 956
654, 955
654, 954
654, 953
654, 952
653, 952
653, 951
653, 950
653, 949
653, 948
652, 948
653, 947
653, 946
654, 946
654, 945
655, 945
655, 946
654, 947
654, 948
653, 948
652, 948
651, 948
652, 948
652, 949
652, 950
653, 950
652, 950
652, 949
651, 949
650, 949
649, 949
649, 948
649, 949
647, 949
646, 949
646, 948
645, 948
644, 948
643, 948
643, 947
644, 947
645, 947
645, 948
646, 947
646, 946
646, 948
646, 947
647, 947
647, 948
647, 949
648, 949
649, 948
650, 948
651, 947
651, 948
652, 948
652, 947
651, 946
650, 946
651, 946
651, 945
651, 944
650, 944
649, 944
650, 944
649, 944
649, 945
649, 944
648, 944
647, 944
646, 944
646, 943
645, 943
644, 943
643, 942
642, 942
641, 942
641, 943
640, 943
639, 944
640, 944
640, 943
640, 944
641, 944
641, 943
642, 943
643, 943
644, 943
645, 942
646, 943
647, 944
648, 944
649, 944
649, 945
650, 945
651, 945
652, 945
652, 946
652, 947
653, 947
653, 948
653, 949
653, 950
653, 951
653, 952
652, 953
651, 953
651, 954
650, 955
650, 956
651, 956
651, 958
650, 958
650, 957
651, 957
650, 958
650, 957
650, 958
649, 958
648, 958
648, 959
647, 959
647, 960
646, 960
646, 961
645, 961
645, 962
644, 962
644, 963
644, 962
645, 962
644, 962
644, 963
644, 964
643, 964
642, 965
641, 965
641, 966
642, 966
641, 966
642, 966
641, 966
640, 966
639, 966
640, 967
639, 967
638, 967
638, 966
639, 966
638, 966
639, 966
639, 967
638, 967
639, 967
640, 966
641, 966
642, 966
642, 965
642, 964
643, 964
643, 963
644, 963
644, 962
645, 962
646, 961
646, 960
647, 960
648, 959
648, 958
649, 958
650, 957
651, 956
651, 955
651, 954
651, 953
651, 952
650, 952
651, 952
651, 951
652, 951
652, 950
652, 949
652, 948
652, 947
652, 946
651, 946
651, 945
650, 945
651, 946
652, 946
652, 947
653, 948
654, 948
653, 948
653, 947
652, 946
651, 946
651, 947
651, 946
652, 946
652, 947
651, 947
652, 948
651, 947
651, 946
650, 946
650, 945
649, 945
648, 945
648, 944
647, 944
647, 945
646, 945
647, 946
647, 947
647, 948
647, 949
647, 948
647, 949
647, 948
647, 949
648, 949
650, 949
650, 950
652, 950
653, 949
653, 948
654, 947
654, 946
655, 946
655, 945
656, 945
657, 945
658, 945
658, 944
659, 944
660, 944
660, 944
659, 944
659, 943
660, 943
659, 944
658, 944
658, 945
657, 945
657, 946
656, 946
655, 946
654, 947
654, 948
653, 949
653, 951
652, 952
652, 953
652, 954
652, 955
652, 956
652, 957
651, 957
651, 958
650, 958
649, 958
649, 959
648, 959
647, 959
647, 960
646, 960
646, 961
645, 961
645, 962
644, 962
644, 963
643, 963
643, 964
642, 964
642, 966
641, 966
640, 966
639, 966
638, 966
638, 967
638, 966
637, 966
637, 967
637, 966
638, 966
637, 966
638, 966
639, 965
639, 966
639, 967
639, 968
638, 968
638, 967
637, 967
638, 967
638, 966
639, 965
639, 966
639, 965
638, 966
638, 965
639, 965
639, 966
639, 967
638, 967
639, 967
638, 967
638, 966
638, 967
639, 967
638, 967
638, 966
639, 966
638, 966
639, 966
639, 967
638, 967
639, 967
639, 966
639, 967
639, 966
638, 966
638, 967
638, 966
638, 967
638, 966
639, 966
639, 967
639, 966
639, 967
638, 967
639, 967
639, 966
638, 966
639, 966
638, 966
638, 967
638, 966
638, 967
639, 967
638, 966
639, 966
638, 966
639, 966
638, 967
639, 967
639, 966
638, 966
638, 967
639, 967
639, 967
638, 967
639, 966
638, 966
639, 967
639, 966
640, 966
638, 967
641, 966
642, 966
642, 965
643, 964
643, 963
644, 963
644, 962
645, 962
645, 961
646, 961
647, 960
648, 959
649, 958
650, 958
650, 957
651, 957
651, 956
651, 955
640, 967
652, 954
652, 953
640, 966
641, 966
652, 952
652, 950
643, 965
652, 949
643, 964
644, 964
652, 948
644, 963
652, 947
645, 963
645, 962
646, 962
646, 961
647, 961
647, 960
651, 946
648, 960
650, 945
648, 959
649, 959
649, 945
649, 958
649, 944
650, 957
651, 957
650, 944
651, 956
649, 944
649, 945
651, 955
648, 945
651, 954
649, 945
650, 945
650, 954
651, 945
651, 946
652, 946
652, 947
650, 953
653, 948
650, 951
651, 951
654, 948
654, 949
655, 949
651, 952
652, 952
652, 953
652, 952
656, 949
656, 950
653, 952
655, 950
654, 952
655, 949
653, 952
655, 950
654, 950
652, 952
651, 952
654, 949
655, 949
655, 948
655, 949
651, 951
652, 951
653, 951
653, 952
654, 952
656, 950
654, 951
656, 949
654, 952
655, 949
655, 950
655, 948
655, 951
654, 948
655, 950
654, 947
654, 946
655, 951
654, 945
655, 952
654, 944
654, 952
654, 953
654, 943
654, 952
653, 952
654, 952
655, 952
655, 951
655, 952
654, 952
653, 952
654, 952
654, 951
655, 951
654, 951
654, 952
654, 951
655, 951
654, 943
653, 943
654, 951
654, 950
652, 950
651, 950
651, 951
652, 951
653, 951
652, 943
651, 943
654, 951
654, 952
650, 943
649, 943
648, 943
653, 952
653, 953
653, 952
654, 952
647, 943
646, 943
645, 943
644, 943
643, 942
642, 943
641, 943
640, 943
653, 953
641, 943
641, 944
652, 953
642, 944
644, 943
645, 943
646, 943
646, 942
647, 942
652, 952
648, 942
649, 942
652, 951
650, 942
650, 943
652, 952
651, 943
651, 944
653, 952
652, 945
651, 945
651, 946
651, 947
652, 947
653, 952
652, 952
651, 952
651, 951
652, 948
652, 949
653, 949
652, 951
653, 950
653, 949
653, 948
651, 950
650, 950
654, 948
655, 948
650, 949
656, 948
650, 948
650, 947
650, 946
657, 949
650, 945
656, 949
656, 948
651, 944
651, 943
655, 948
651, 942
650, 942
655, 947
650, 941
650, 940
650, 939
650, 938
655, 946
649, 938
649, 937
648, 935
654, 945
648, 934
648, 933
653, 945
653, 944
648, 932
648, 931
652, 944
649, 930
652, 945
649, 929
652, 946
650, 928
650, 929
651, 946
651, 945
650, 930
652, 946
651, 930
652, 947
652, 946
652, 945
651, 944
652, 930
650, 943
649, 943
653, 930
648, 942
654, 930
647, 942
646, 942
654, 929
645, 942
644, 941
654, 928
655, 928
643, 941
654, 927
654, 926
655, 926
642, 942
655, 925
656, 924
643, 942
656, 925
655, 925
642, 943
642, 944
641, 945
656, 925
655, 925
640, 945
640, 944
640, 943
655, 926
640, 942
639, 942
639, 941
639, 940
655, 925
656, 925
656, 924
639, 941
640, 941
656, 925
656, 924
640, 942
657, 924
641, 942
658, 924
641, 943
642, 943
659, 924
659, 923
643, 943
660, 923
661, 923
644, 942
645, 941
662, 922
645, 940
646, 940
662, 923
646, 939
663, 924
663, 925
663, 926
646, 938
663, 927
663, 928
647, 937
663, 929
648, 937
648, 936
649, 936
650, 936
650, 935
651, 934
650, 934
663, 928
650, 933
649, 933
649, 932
650, 932
663, 927
663, 926
651, 932
663, 925
652, 932
663, 926
663, 927
663, 926
651, 932
663, 927
650, 932
663, 926
649, 932
648, 931
663, 927
648, 930
649, 930
649, 929
650, 928
663, 926
651, 928
651, 927
652, 927
663, 927
653, 927
653, 926
654, 926
663, 926
655, 926
655, 925
656, 925
663, 927
656, 924
657, 924
658, 924
663, 926
659, 924
663, 925
660, 924
661, 924
662, 924
662, 923
662, 923
661, 923
662, 922
662, 921
660, 923
662, 920
662, 919
659, 923
662, 918
662, 917
658, 923
662, 916
657, 923
662, 915
657, 924
656, 924
655, 924
655, 925
662, 916
662, 917
655, 924
656, 924
663, 917
656, 923
663, 916
656, 922
663, 915
656, 921
657, 921
657, 920
657, 919
658, 919
658, 918
658, 917
659, 917
659, 916
660, 916
662, 915
662, 914
661, 915
662, 915
662, 916
663, 916
663, 915
661, 914
662, 915
662, 914
660, 914
661, 914
661, 915
662, 915
661, 914
662, 916
663, 916
660, 914
662, 915
661, 914
662, 914
661, 914
661, 915
661, 913
662, 916
662, 913
663, 916
662, 912
662, 911
663, 915
662, 910
662, 909
662, 915
662, 908
662, 907
662, 914
663, 907
663, 906
661, 914
663, 905
661, 913
665, 903
662, 913
666, 903
666, 902
667, 902
663, 913
663, 912
668, 902
668, 901
669, 901
670, 901
663, 911
664, 911
671, 901
664, 910
664, 909
672, 901
665, 907
665, 906
665, 905
666, 905
671, 901
666, 904
666, 903
666, 902
667, 902
666, 902
666, 901
670, 901
668, 901
668, 902
669, 903
669, 904
669, 905
670, 905
671, 901
671, 905
672, 905
672, 904
672, 903
671, 903
670, 903
670, 902
669, 902
669, 901
668, 901
668, 900
670, 901
667, 900
666, 899
665, 899
664, 899
665, 899
665, 900
665, 901
666, 901
669, 901
667, 901
668, 901
667, 900
668, 900
667, 900
666, 900
667, 899
666, 901
666, 899
666, 898
665, 901
666, 897
665, 902
666, 902
667, 902
665, 897
667, 901
667, 902
666, 897
666, 898
666, 899
667, 903
668, 903
667, 900
667, 901
669, 903
669, 902
668, 902
667, 903
668, 903
668, 902
669, 902
666, 900
668, 902
665, 900
667, 902
667, 901
667, 900
667, 899
667, 898
667, 897
667, 896
666, 896
665, 899
666, 899
666, 897
666, 898
666, 899
666, 900
665, 900
665, 901
666, 901
667, 899
667, 898
667, 899
666, 899
666, 900
667, 900
667, 901
668, 901
669, 901
669, 902
670, 902
671, 902
672, 902
666, 902
671, 903
670, 903
669, 902
668, 902
668, 901
667, 901
667, 900
667, 902
667, 903
666, 900
668, 903
668, 902
669, 902
670, 902
670, 903
670, 902
669, 902
666, 899
667, 899
668, 902
667, 900
667, 901
666, 901
668, 901
668, 900
668, 899
667, 898
666, 898
666, 897
665, 897
665, 896
666, 896
666, 897
667, 898
667, 899
668, 899
668, 900
668, 901
668, 902
669, 902
670, 902
671, 902
672, 902
673, 902
674, 901
675, 901
675, 902
676, 902
677, 903
678, 903
680, 904
681, 904
681, 905
682, 905
683, 906
683, 907
683, 908
684, 908
684, 909
684, 910
685, 910
685, 911
686, 911
686, 912
688, 912
689, 912
689, 913
690, 914
690, 915
690, 916
690, 917
690, 918
690, 919
691, 919
691, 920
693, 922
694, 922
694, 923
695, 923
696, 923
697, 923
698, 923
698, 924
699, 924
699, 923
700, 923
667, 901
700, 923
667, 900
701, 923
701, 924
701, 925
701, 924
700, 924
700, 923
699, 924
698, 924
698, 925
697, 925
696, 924
695, 924
695, 923
694, 923
694, 922
694, 921
693, 921
692, 920
691, 920
691, 919
690, 919
689, 918
688, 918
688, 917
687, 917
686, 917
686, 916
685, 915
685, 914
684, 914
684, 913
684, 912
683, 912
682, 911
682, 910
681, 910
680, 909
680, 908
680, 907
679, 907
679, 906
678, 906
678, 905
677, 905
677, 904
676, 904
676, 903
675, 902
675, 901
674, 901
673, 901
673, 900
672, 900
672, 899
671, 899
671, 898
670, 898
669, 898
668, 898
668, 897
668, 898
666, 898
666, 899
665, 899
665, 900
667, 899
667, 900
667, 899
665, 901
667, 898
665, 902
668, 898
665, 901
666, 901
667, 898
666, 900
666, 899
665, 900
665, 901
665, 900
668, 898
669, 898
669, 899
666, 900
666, 899
666, 898
665, 898
666, 898
667, 898
668, 897
669, 897
669, 896
670, 896
670, 895
671, 895
670, 895
670, 896
669, 898
669, 897
668, 897
670, 897
668, 898
670, 896
667, 898
670, 895
666, 898
665, 898
665, 897
670, 894
664, 898
665, 898
665, 899
665, 900
670, 895
666, 901
670, 896
670, 897
669, 897
668, 901
669, 898
669, 899
668, 900
668, 899
669, 900
668, 900
669, 901
669, 902
668, 902
667, 902
667, 903
666, 903
666, 902
665, 902
665, 901
665, 900
665, 899
665, 898
665, 897
665, 898
664, 898
665, 898
665, 899
666, 898
666, 897
667, 897
668, 897
669, 897
669, 898
669, 899
669, 900
669, 901
667, 900
666, 899
670, 901
665, 899
671, 901
671, 902
671, 903
672, 903
664, 898
672, 904
665, 898
666, 898
666, 899
667, 899
667, 900
668, 900
667, 900
668, 901
667, 901
667, 902
667, 903
667, 904
668, 904
668, 905
669, 905
670, 905
670, 906
672, 906
670, 905
671, 905
671, 906
670, 906
670, 905
672, 907
671, 905
670, 905
672, 908
673, 908
672, 907
669, 905
671, 907
671, 906
671, 905
668, 904
668, 903
667, 903
667, 902
667, 901
671, 904
672, 904
672, 903
672, 902
671, 902
671, 901
671, 902
670, 903
669, 903
668, 903
670, 903
671, 903
672, 903
672, 904
672, 905
671, 905
672, 906
672, 907
671, 907
671, 908
671, 909
672, 909
672, 908
672, 907
672, 906
672, 905
672, 904
671, 903
671, 902
671, 901
670, 901
669, 901
668, 901
667, 899
666, 899
667, 902
667, 901
666, 901
665, 901
665, 900
665, 899
666, 899
666, 898
665, 898
665, 897
664, 896
664, 895
664, 894
665, 894
665, 893
665, 892
666, 892
666, 893
665, 894
665, 895
665, 896
665, 897
664, 897
664, 898
665, 898
665, 899
663, 899
663, 898
664, 898
664, 897
664, 898
665, 898
665, 899
665, 900
666, 899
667, 899
667, 900
669, 900
669, 901
668, 901
668, 902
667, 902
667, 901
667, 900
667, 899
666, 898
666, 897
665, 897
666, 897
665, 897
665, 896
664, 896
663, 896
665, 899
662, 896
661, 896
664, 899
664, 898
664, 897
660, 896
663, 896
659, 896
658, 896
657, 896
662, 896
656, 896
655, 896
661, 896
660, 896
654, 896
658, 896
657, 896
653, 896
652, 896
656, 896
651, 896
655, 896
649, 896
654, 896
653, 896
652, 896
651, 896
648, 896
647, 896
646, 896
650, 896
649, 896
648, 896
647, 896
647, 895
647, 896
646, 896
646, 895
647, 896
646, 894
646, 895
646, 896
645, 895
646, 895
644, 895
645, 895
644, 895
645, 895
646, 895
647, 895
646, 895
645, 895
646, 895
646, 896
647, 896
648, 896
649, 896
650, 896
651, 896
650, 896
649, 896
648, 896
647, 896
646, 896
647, 896
647, 895
647, 896
646, 896
646, 895
645, 895
644, 895
643, 895
642, 895
643, 895
644, 895
645, 895
644, 895
643, 895
642, 895
643, 895
645, 895
646, 895
646, 896
646, 895
645, 895
646, 895
646, 895
646, 896
644, 895
646, 895
645, 895
645, 895
644, 895
646, 895
645, 895
644, 895
645, 895
643, 895
642, 895
646, 895
646, 896
646, 895
646, 895
647, 895
647, 894
648, 894
648, 893
649, 893
643, 895
644, 895
645, 895
646, 895
647, 895
646, 895
645, 895
644, 895
643, 895
642, 895
641, 895
642, 895
641, 895
640, 895
639, 895
640, 895
639, 895
637, 895
636, 895
635, 895
636, 895
635, 895
634, 895
633, 895
632, 895
631, 895
630, 895
629, 895
629, 894
628, 894
627, 894
626, 894
625, 894
624, 894
623, 894
622, 894
620, 894
619, 894
618, 894
617, 894
616, 894
615, 894
614, 894
613, 894
612, 894
611, 894
610, 894
609, 894
608, 893
606, 893
606, 892
606, 891
606, 890
606, 889
606, 888
606, 887
606, 886
606, 885
606, 883
606, 882
606, 881
605, 881
605, 880
604, 880
604, 879
603, 879
602, 879
601, 879
601, 880
602, 880
603, 880
604, 880
604, 879
605, 879
606, 879
606, 878
607, 878
607, 879
608, 879
609, 879
610, 879
611, 879
612, 879
613, 879
613, 878
614, 878
615, 877
615, 876
616, 876
616, 875
616, 874
617, 874
618, 874
619, 874
619, 874
618, 875
617, 875
616, 875
615, 876
615, 877
614, 877
614, 878
613, 878
613, 879
612, 879
612, 878
611, 878
610, 878
609, 878
608, 878
608, 879
607, 879
606, 879
606, 878
606, 877
606, 876
606, 875
606, 874
606, 873
606, 872
606, 871
606, 870
605, 870
605, 869
605, 868
604, 868
602, 868
601, 868
601, 867
601, 866
602, 865
602, 864
602, 863
602, 862
603, 862
604, 862
604, 863
604, 864
604, 865
604, 866
604, 867
604, 868
605, 869
605, 870
605, 871
606, 872
605, 872
605, 873
605, 875
605, 876
605, 875
604, 875
604, 874
605, 874
606, 874
607, 874
608, 874
609, 874
610, 874
611, 874
610, 874
609, 874
608, 874
608, 875
607, 875
606, 874
606, 873
605, 873
606, 873
605, 873
605, 872
605, 871
604, 870
603, 870
603, 869
602, 869
601, 868
600, 868
599, 868
599, 869
598, 869
597, 870
596, 870
596, 871
595, 871
594, 870
595, 870
596, 870
596, 871
596, 872
596, 873
597, 873
597, 874
597, 873
598, 873
599, 873
600, 873
601, 873
602, 873
603, 873
604, 873
605, 873
606, 873
607, 873
608, 873
609, 873
610, 873
613, 873
614, 873
615, 873
616, 873
617, 873
618, 873
619, 873
620, 873
621, 873
622, 873
623, 873
624, 873
626, 873
626, 872
626, 871
627, 871
628, 871
629, 871
630, 871
631, 871
632, 871
632, 872
632, 871
631, 871
632, 872
632, 873
633, 874
632, 874
632, 875
632, 876
632, 877
632, 878
631, 878
629, 877
628, 877
627, 877
627, 876
628, 876
630, 876
631, 876
632, 876
633, 875
634, 874
636, 874
637, 874
638, 875
638, 876
638, 877
638, 878
638, 879
638, 880
638, 881
638, 882
638, 884
638, 885
638, 886
638, 887
638, 888
639, 888
639, 889
639, 890
639, 891
639, 892
638, 892
638, 893
638, 894
638, 895
638, 896
638, 897
638, 898
638, 899
638, 900
638, 901
637, 902
637, 903
638, 904
638, 905
638, 906
638, 907
638, 908
638, 909
637, 909
637, 910
636, 910
637, 910
637, 909
638, 909
637, 909
637, 908
637, 907
637, 906
637, 905
637, 904
637, 903
637, 902
637, 901
637, 900
638, 898
638, 897
638, 896
638, 895
638, 894
638, 893
638, 892
638, 891
638, 890
638, 889
638, 888
638, 887
638, 886
638, 884
638, 883
638, 882
638, 881
638, 880
638, 879
638, 878
638, 877
638, 876
638, 875
638, 874
637, 874
636, 875
635, 875
634, 875
633, 875
633, 876
632, 876
631, 877
630, 877
629, 877
628, 877
628, 876
627, 876
627, 875
628, 875
629, 875
630, 875
632, 874
633, 874
634, 874
633, 874
633, 875
634, 875
634, 874
635, 874
636, 873
637, 873
637, 874
636, 874
637, 874
637, 875
637, 874
637, 873
638, 873
638, 874
640, 874
641, 874
642, 874
643, 874
643, 875
643, 876
643, 877
643, 878
643, 879
643, 880
643, 881
643, 882
644, 882
644, 883
26, 4
643, 882
27, 4
28, 4
28, 5
29, 5
29, 6
30, 7
31, 8
32, 8
32, 9
33, 9
33, 10
33, 11
34, 11
34, 12
35, 12
643, 881
36, 12
36, 13
37, 13
37, 14
38, 14
38, 15
39, 15
39, 16
40, 16
41, 16
41, 17
42, 17
43, 17
43, 18
45, 18
45, 19
46, 19
47, 19
47, 20
48, 20
47, 20
47, 21
642, 881
642, 880
643, 880
643, 881
643, 882
643, 883
644, 883
644, 884
48, 21
644, 885
644, 886
644, 887
644, 889
644, 890
644, 891
643, 891
643, 892
643, 893
643, 894
643, 895
643, 896
643, 897
642, 897
642, 896
642, 895
642, 894
642, 893
643, 893
644, 892
644, 891
644, 889
644, 888
644, 887
644, 886
644, 885
644, 884
644, 883
644, 882
644, 881
644, 880
644, 879
644, 878
644, 877
644, 875
643, 875
643, 874
642, 874
641, 874
640, 874
639, 874
638, 874
637, 874
635, 875
634, 875
633, 875
632, 876
631, 876
631, 877
630, 877
629, 877
628, 877
628, 876
627, 876
627, 875
628, 875
629, 875
630, 874
631, 874
631, 875
632, 875
631, 875
630, 875
629, 875
627, 875
626, 875
626, 874
625, 874
624, 874
623, 874
622, 874
48, 20
621, 874
620, 874
619, 874
618, 874
617, 874
615, 874
614, 874
613, 873
612, 873
611, 873
610, 873
609, 873
608, 873
607, 873
48, 19
606, 873
47, 19
605, 873
47, 18
46, 18
46, 17
46, 16
605, 874
46, 15
47, 15
47, 16
48, 16
48, 17
49, 18
49, 20
48, 20
48, 21
606, 874
607, 874
608, 874
47, 21
607, 874
607, 873
608, 873
607, 873
607, 874
606, 874
607, 874
607, 875
605, 875
605, 876
604, 876
604, 875
603, 875
603, 874
602, 874
601, 874
600, 874
599, 874
598, 874
597, 873
596, 873
595, 873
595, 872
594, 872
594, 871
594, 870
594, 869
594, 868
595, 868
595, 869
595, 870
595, 871
595, 872
596, 873
597, 873
597, 874
598, 874
599, 874
600, 873
601, 873
602, 873
604, 874
605, 875
605, 876
605, 877
605, 878
605, 879
605, 880
605, 881
605, 882
605, 883
605, 884
605, 885
605, 886
605, 887
605, 888
605, 889
605, 890
605, 891
605, 892
605, 893
605, 894
605, 895
605, 896
605, 897
605, 898
605, 899
605, 900
48, 21
48, 20
47, 20
47, 19
47, 18
46, 18
46, 17
45, 17
45, 16
44, 14
43, 14
43, 13
42, 13
42, 12
41, 12
40, 12
40, 11
39, 11
39, 10
38, 10
38, 9
37, 8
37, 7
37, 6
36, 6
34, 6
33, 6
32, 6
31, 6
30, 6
29, 5
28, 5
28, 4
27, 4
26, 3
605, 899
605, 898
605, 897
605, 896
605, 895
605, 894
605, 893
605, 892
605, 891
605, 890
605, 888
605, 887
605, 886
605, 885
605, 884
605, 883
605, 882
605, 881
605, 880
606, 880
606, 879
606, 878
606, 877
606, 876
606, 874
605, 874
605, 873
605, 872
605, 871
605, 870
605, 869
605, 868
605, 867
605, 866
605, 864
604, 864
604, 863
604, 862
603, 862
603, 861
602, 861
601, 861
601, 862
601, 863
601, 864
601, 865
601, 866
601, 867
602, 867
603, 867
603, 866
602, 865
603, 865
603, 864
603, 863
602, 863
601, 863
601, 864
601, 865
601, 866
601, 867
602, 868
602, 869
603, 869
604, 869
605, 869
605, 868
606, 868
607, 869
607, 868
608, 868
608, 867
609, 866
608, 866
608, 865
608, 864
608, 863
607, 862
606, 862
606, 861
605, 860
605, 859
605, 858
605, 857
605, 856
605, 855
605, 854
605, 852
605, 851
605, 850
605, 849
605, 848
605, 847
605, 846
604, 846
604, 847
603, 847
602, 847
601, 846
602, 846
601, 846
601, 847
602, 846
604, 846
604, 845
605, 845
606, 845
607, 846
607, 845
608, 845
609, 846
610, 846
611, 846
612, 846
612, 845
613, 845
614, 845
615, 846
616, 846
617, 846
619, 846
618, 846
619, 846
618, 846
617, 846
615, 846
614, 846
614, 845
613, 845
613, 846
612, 845
612, 846
613, 846
612, 846
613, 846
614, 846
615, 846
615, 847
614, 847
613, 847
612, 847
611, 847
610, 847
609, 846
608, 846
607, 846
606, 846
606, 846
605, 846
604, 846
603, 846
603, 845
602, 845
601, 845
601, 846
600, 846
599, 846
598, 846
596, 845
595, 845
594, 845
594, 844
593, 844
593, 843
592, 843
592, 842
591, 841
591, 840
591, 839
591, 838
591, 836
591, 835
591, 834
591, 833
591, 834
591, 835
591, 836
591, 837
591, 838
590, 838
590, 839
590, 840
589, 842
588, 842
588, 843
588, 844
588, 845
588, 846
588, 847
589, 847
589, 848
590, 848
590, 849
591, 849
593, 850
594, 851
595, 851
595, 852
595, 853
596, 853
595, 853
594, 853
594, 852
593, 851
593, 850
592, 850
592, 849
592, 848
591, 848
591, 847
591, 846
591, 845
591, 844
591, 842
592, 841
592, 840
592, 841
593, 841
591, 842
591, 843
591, 844
591, 845
591, 846
591, 847
592, 848
592, 849
592, 850
592, 851
593, 851
593, 850
593, 851
592, 851
593, 851
593, 850
593, 851
592, 851
591, 851
592, 851
592, 850
592, 852
593, 852
593, 853
594, 853
594, 852
595, 851
595, 850
595, 851
594, 851
594, 850
594, 851
593, 851
591, 850
590, 850
590, 849
589, 849
590, 849
590, 850
590, 851
590, 852
591, 852
591, 851
592, 851
592, 852
594, 852
595, 852
594, 852
593, 852
593, 851
592, 851
592, 852
593, 852
594, 852
595, 852
595, 851
596, 850
596, 851
596, 850
597, 849
597, 850
598, 850
598, 851
599, 851
599, 850
599, 849
599, 848
600, 848
600, 847
600, 846
601, 846
602, 846
603, 846
604, 846
606, 846
607, 846
608, 846
608, 845
609, 845
609, 846
610, 846
611, 846
612, 846
612, 845
611, 845
610, 845
609, 845
608, 845
608, 846
607, 846
606, 846
606, 847
605, 847
605, 848
605, 849
605, 850
605, 851
605, 852
605, 853
605, 854
605, 855
604, 855
604, 856
603, 856
602, 856
601, 856
599, 856
598, 856
597, 856
596, 856
595, 856
594, 856
593, 856
592, 856
591, 856
590, 856
589, 856
588, 856
587, 856
585, 856
584, 856
583, 856
582, 856
581, 856
582, 856
583, 856
583, 855
583, 856
583, 855
583, 856
582, 856
581, 856
580, 856
579, 856
578, 856
577, 856
576, 856
575, 857
575, 858
574, 858
573, 858
572, 858
571, 858
570, 858
569, 858
568, 857
567, 857
567, 856
567, 857
566, 857
565, 857
564, 857
563, 857
562, 857
561, 857
560, 857
559, 857
558, 857
557, 857
556, 857
555, 857
554, 857
553, 857
552, 857
551, 857
550, 857
549, 857
548, 857
547, 857
545, 857
544, 857
543, 857
542, 857
541, 857
540, 857
539, 857
538, 857
538, 856
537, 856
536, 856
535, 856
534, 856
533, 856
532, 856
531, 856
530, 856
529, 856
528, 856
528, 857
527, 857
526, 857
524, 856
523, 856
522, 856
521, 856
520, 856
519, 856
518, 856
517, 857
516, 857
516, 858
516, 859
516, 860
515, 861
515, 862
515, 863
515, 864
515, 865
515, 864
515, 863
515, 862
516, 862
516, 861
516, 860
516, 859
516, 858
516, 857
516, 855
516, 854
516, 853
516, 852
516, 851
516, 850
516, 849
517, 848
517, 847
517, 846
517, 845
517, 844
517, 843
517, 842
517, 841
517, 840
516, 840
516, 841
516, 842
516, 841
517, 842
518, 842
519, 842
520, 843
521, 843
522, 843
521, 843
520, 843
521, 843
520, 844
521, 844
522, 844
522, 843
521, 843
520, 843
520, 842
520, 843
521, 843
521, 844
522, 844
523, 844
523, 842
524, 842
524, 843
523, 843
522, 844
522, 843
523, 843
523, 844
523, 843
523, 842
523, 843
524, 844
525, 844
525, 845
526, 845
526, 844
527, 844
528, 844
528, 843
528, 842
528, 843
528, 844
528, 845
527, 845
527, 844
526, 844
527, 844
527, 845
527, 844
528, 844
528, 845
527, 845
526, 845
524, 845
525, 845
525, 844
526, 844
526, 845
526, 844
527, 844
527, 844
527, 845
528, 845
527, 845
527, 844
526, 844
525, 844
525, 843
524, 843
524, 842
523, 842
523, 841
522, 841
522, 842
522, 841
522, 842
523, 843
522, 843
521, 843
521, 844
521, 843
521, 844
521, 843
521, 844
521, 843
521, 844
521, 844
522, 844
522, 843
523, 843
524, 843
525, 843
525, 842
526, 842
527, 842
527, 841
528, 841
528, 842
528, 843
528, 842
521, 844
527, 842
527, 841
526, 841
525, 842
521, 843
524, 842
524, 843
523, 843
523, 842
521, 844
524, 842
525, 842
525, 841
526, 841
522, 844
527, 841
527, 842
526, 842
526, 843
525, 843
525, 844
525, 845
526, 845
525, 845
524, 845
525, 845
523, 844
526, 845
526, 844
527, 844
528, 843
523, 843
528, 844
524, 843
525, 843
525, 842
526, 842
526, 841
525, 841
525, 842
524, 842
523, 842
522, 842
522, 841
521, 842
521, 843
521, 844
522, 844
523, 844
524, 844
524, 845
528, 845
523, 845
528, 844
523, 846
522, 846
528, 843
527, 843
527, 842
521, 846
527, 841
526, 841
525, 841
525, 842
526, 842
525, 842
524, 842
523, 842
524, 842
525, 842
525, 842
526, 841
527, 841
528, 842
528, 843
528, 844
527, 844
526, 845
525, 844
524, 844
524, 843
523, 843
522, 843
523, 843
524, 843
525, 842
525, 841
526, 841
527, 841
527, 842
527, 843
522, 846
521, 846
522, 846
521, 846
527, 842
527, 843
527, 844
528, 844
522, 846
521, 846
528, 845
523, 846
528, 846
522, 846
521, 846
522, 846
523, 846
524, 846
522, 846
521, 846
529, 845
529, 844
528, 844
529, 843
528, 843
528, 844
527, 844
527, 845
528, 845
521, 845
521, 844
521, 843
522, 843
523, 843
523, 842
523, 843
522, 843
521, 843
521, 844
528, 844
528, 845
522, 844
521, 844
522, 844
522, 843
528, 844
527, 844
527, 843
521, 844
527, 842
522, 844
522, 843
527, 843
528, 843
521, 843
528, 844
528, 845
521, 844
522, 844
523, 844
524, 844
525, 844
527, 845
527, 844
525, 845
526, 845
526, 844
525, 844
525, 845
524, 844
523, 843
522, 843
525, 844
521, 843
526, 844
527, 844
520, 843
527, 843
519, 843
527, 842
526, 842
518, 844
526, 843
517, 845
525, 843
517, 846
516, 846
516, 847
524, 843
516, 848
523, 843
517, 848
517, 849
517, 850
522, 843
517, 851
521, 843
517, 852
520, 843
519, 843
517, 853
518, 844
517, 854
517, 844
516, 845
516, 846
517, 855
516, 845
516, 844
515, 844
516, 855
517, 855
514, 844
514, 843
517, 856
513, 843
513, 844
514, 844
515, 844
517, 857
515, 845
516, 845
517, 856
518, 856
520, 856
521, 857
516, 844
522, 857
523, 857
524, 857
525, 857
526, 857
527, 857
516, 843
528, 856
529, 856
530, 856
515, 843
531, 856
514, 843
532, 856
532, 855
533, 855
513, 843
534, 855
514, 843
535, 855
536, 855
515, 843
516, 843
537, 855
537, 854
516, 844
538, 854
516, 845
516, 846
516, 847
538, 855
516, 848
539, 855
516, 849
540, 855
516, 850
541, 855
516, 851
542, 855
516, 852
543, 855
544, 855
516, 854
517, 854
545, 855
517, 855
546, 855
518, 855
518, 856
547, 855
519, 856
548, 855
549, 855
520, 856
550, 855
521, 856
551, 855
522, 856
552, 855
523, 856
553, 855
553, 856
524, 856
554, 856
555, 856
525, 856
557, 856
527, 856
558, 856
528, 856
559, 856
529, 856
560, 856
530, 856
561, 856
531, 856
562, 856
563, 856
532, 856
532, 857
564, 856
533, 857
565, 856
534, 857
566, 856
535, 857
567, 857
568, 857
536, 856
569, 857
569, 858
537, 856
570, 858
538, 856
571, 858
539, 856
540, 856
572, 857
541, 856
573, 857
574, 857
542, 856
575, 857
575, 856
576, 856
543, 856
577, 856
578, 856
579, 856
581, 856
582, 856
583, 856
584, 856
585, 856
586, 856
587, 856
588, 856
589, 856
590, 856
591, 856
592, 856
592, 857
544, 856
593, 857
545, 856
546, 856
594, 857
547, 856
548, 856
549, 856
550, 856
551, 856
552, 856
553, 856
554, 856
555, 856
556, 856
593, 857
557, 856
558, 856
593, 856
593, 857
559, 856
560, 856
594, 857
561, 856
562, 856
563, 856
564, 856
565, 856
566, 856
567, 855
595, 857
568, 855
568, 854
569, 854
570, 853
596, 857
572, 853
573, 853
597, 857
574, 854
575, 854
575, 855
575, 856
576, 856
598, 857
577, 856
578, 856
579, 856
580, 856
581, 856
599, 857
582, 856
583, 856
584, 856
600, 857
585, 856
601, 857
586, 856
601, 856
602, 856
587, 856
588, 856
603, 856
588, 857
589, 857
604, 856
590, 857
605, 855
591, 857
592, 857
593, 857
605, 856
594, 856
606, 856
595, 856
596, 856
606, 855
597, 856
597, 855
598, 855
599, 855
607, 855
600, 855
601, 855
603, 855
609, 855
604, 855
605, 855
610, 855
605, 854
606, 854
611, 855
606, 853
611, 856
606, 852
606, 851
606, 850
611, 857
607, 850
611, 858
611, 858
605, 850
610, 857
605, 849
609, 857
605, 848
605, 847
605, 846
604, 846
609, 856
605, 846
608, 856
606, 856
606, 857
605, 845
605, 857
605, 858
605, 859
605, 860
605, 861
605, 862
605, 863
605, 864
605, 865
605, 866
605, 867
605, 868
605, 869
605, 870
605, 871
605, 872
605, 873
605, 874
605, 875
605, 877
605, 878
605, 879
605, 880
605, 845
605, 879
605, 878
605, 877
605, 846
605, 876
604, 846
604, 847
605, 875
605, 874
606, 874
604, 848
606, 873
604, 849
607, 873
604, 850
608, 873
605, 851
606, 850
606, 849
605, 849
605, 848
605, 847
604, 846
604, 846
604, 845
604, 844
603, 844
602, 844
602, 845
602, 846
607, 874
602, 847
603, 847
606, 874
604, 847
605, 847
606, 847
607, 847
606, 847
606, 872
606, 871
606, 870
606, 869
607, 869
607, 868
607, 847
607, 867
607, 846
607, 866
606, 846
607, 865
608, 864
606, 846
608, 862
608, 861
606, 847
606, 846
608, 862
605, 847
604, 848
604, 849
604, 850
604, 851
608, 864
604, 852
608, 865
608, 866
605, 852
604, 852
603, 852
603, 851
608, 865
608, 864
608, 863
607, 862
606, 862
603, 852
604, 852
604, 851
605, 851
605, 852
606, 861
607, 860
607, 859
608, 859
608, 858
607, 858
608, 857
608, 856
608, 855
608, 854
608, 855
608, 854
608, 853
608, 851
608, 852
607, 852
607, 853
607, 855
606, 855
607, 855
607, 856
605, 852
607, 857
605, 853
608, 857
605, 854
609, 857
605, 855
609, 858
605, 856
609, 857
608, 857
605, 857
606, 857
606, 858
605, 858
608, 858
608, 859
605, 857
605, 856
605, 855
605, 854
605, 853
605, 851
605, 850
605, 849
605, 848
604, 847
604, 846
605, 845
608, 858
606, 845
606, 844
607, 844
608, 845
609, 846
610, 846
610, 847
609, 847
608, 847
607, 846
607, 845
606, 845
605, 845
605, 844
605, 843
605, 842
605, 841
605, 842
605, 841
604, 841
608, 859
604, 842
604, 843
604, 844
605, 845
605, 846
604, 846
603, 846
603, 847
602, 847
608, 860
603, 847
604, 847
604, 848
604, 847
604, 848
605, 848
605, 849
604, 849
604, 850
604, 851
604, 852
604, 853
608, 859
608, 858
604, 852
604, 853
604, 854
605, 854
608, 859
605, 855
605, 854
608, 858
604, 854
604, 855
604, 856
604, 857
605, 858
605, 859
608, 857
605, 860
604, 860
604, 861
604, 860
605, 860
605, 858
605, 857
604, 857
604, 856
608, 858
603, 856
602, 856
602, 855
603, 855
604, 855
605, 854
605, 853
605, 852
606, 852
606, 851
607, 851
608, 851
608, 850
609, 850
608, 850
607, 850
607, 851
606, 851
606, 850
605, 850
605, 849
605, 848
604, 848
604, 847
605, 846
606, 847
607, 847
608, 847
607, 847
606, 847
606, 846
605, 846
605, 845
605, 843
604, 843
604, 842
608, 859
605, 842
605, 843
605, 844
605, 845
606, 845
607, 846
608, 846
609, 847
608, 847
607, 847
607, 846
606, 846
605, 846
605, 847
605, 848
605, 849
605, 851
605, 852
605, 853
605, 854
605, 855
605, 856
606, 856
606, 857
607, 857
608, 857
608, 858
608, 859
608, 858
608, 857
608, 856
607, 856
607, 855
606, 855
606, 854
606, 853
606, 851
606, 850
606, 849
606, 848
606, 847
606, 846
607, 846
607, 845
608, 845
609, 845
610, 845
611, 845
612, 845
614, 845
613, 845
612, 845
612, 846
611, 846
611, 847
610, 847
609, 847
608, 848
607, 848
607, 849
606, 851
605, 851
604, 852
603, 852
603, 853
602, 853
601, 854
601, 855
600, 855
600, 856
601, 856
602, 855
603, 855
604, 855
605, 854
606, 854
607, 855
607, 856
608, 856
608, 857
608, 858
607, 858
607, 859
607, 860
607, 861
607, 862
607, 863
607, 864
608, 864
608, 865
608, 866
607, 867
607, 868
606, 869
605, 870
605, 871
605, 872
605, 873
605, 874
605, 875
605, 876
605, 877
605, 878
605, 879
605, 880
605, 882
605, 883
605, 884
605, 885
605, 886
605, 887
605, 888
605, 889
605, 890
605, 891
605, 892
605, 893
605, 894
605, 895
605, 896
605, 897
605, 898
605, 899
605, 900
605, 901
606, 901
606, 902
607, 902
607, 903
607, 902
606, 902
605, 902
605, 901
605, 900
605, 899
605, 898
605, 897
605, 896
605, 895
605, 894
605, 893
605, 892
605, 891
605, 890
605, 889
605, 888
605, 887
605, 886
605, 885
605, 884
605, 882
605, 881
605, 880
605, 879
604, 879
604, 878
604, 877
604, 876
605, 875
606, 875
606, 874
607, 874
610, 874
611, 874
612, 874
613, 874
614, 874
615, 874
616, 874
617, 874
618, 874
619, 874
620, 874
621, 874
622, 874
623, 874
624, 874
625, 874
626, 874
627, 874
628, 874
629, 874
630, 874
631, 874
632, 874
633, 874
634, 874
635, 874
636, 874
637, 874
638, 874
639, 874
640, 874
641, 874
642, 874
643, 874
643, 875
643, 876
643, 877
643, 878
644, 879
644, 880
644, 881
644, 882
644, 883
644, 884
644, 885
644, 886
644, 888
644, 889
644, 890
644, 891
644, 892
643, 892
643, 893
643, 894
642, 894
642, 895
642, 896
642, 897
643, 898
643, 899
642, 899
642, 900
641, 900
640, 899
640, 900
639, 900
639, 901
639, 902
639, 903
638, 903
638, 904
638, 905
638, 906
638, 907
638, 908
638, 909
637, 909
637, 910
636, 911
636, 912
636, 913
635, 913
635, 914
635, 915
634, 916
634, 917
634, 918
634, 919
634, 920
634, 922
634, 923
634, 924
634, 925
634, 926
634, 927
633, 927
633, 928
633, 929
633, 930
633, 931
633, 932
633, 933
633, 934
633, 935
633, 936
633, 937
633, 938
633, 939
633, 940
633, 941
633, 942
633, 943
633, 945
633, 946
633, 947
633, 948
633, 949
633, 950
633, 951
633, 950
633, 951
633, 952
633, 954
633, 955
633, 956
633, 957
633, 958
633, 959
633, 960
633, 961
633, 962
633, 963
633, 964
632, 964
632, 965
632, 966
632, 967
633, 967
633, 968
634, 968
635, 968
635, 967
635, 968
634, 968
633, 968
633, 968
634, 968
634, 967
634, 966
634, 967
635, 966
636, 966
637, 966
638, 966
639, 966
640, 966
641, 966
642, 966
641, 966
640, 966
640, 967
639, 967
638, 967
637, 967
636, 967
635, 967
636, 967
636, 968
635, 968
635, 967
634, 967
633, 967
632, 967
632, 966
632, 965
632, 964
633, 964
633, 963
633, 962
633, 961
633, 960
633, 958
633, 957
633, 956
633, 955
633, 954
633, 953
633, 952
633, 951
633, 950
633, 949
633, 948
633, 947
633, 946
633, 945
633, 944
633, 943
633, 942
633, 941
633, 940
633, 939
633, 938
633, 937
633, 936
633, 934
633, 933
633, 932
633, 931
633, 930
633, 929
633, 928
633, 927
633, 926
633, 925
633, 924
634, 923
634, 922
634, 921
634, 920
634, 919
634, 918
634, 917
634, 916
634, 915
635, 914
635, 913
635, 914
635, 913
636, 913
636, 912
636, 911
637, 910
637, 909
638, 909
638, 908
639, 908
639, 907
639, 906
639, 905
639, 904
639, 902
639, 901
639, 900
639, 899
640, 898
640, 899
641, 899
642, 899
642, 898
643, 898
643, 897
643, 896
643, 895
643, 894
644, 894
644, 892
643, 891
643, 890
643, 889
643, 888
643, 887
643, 886
643, 885
643, 884
644, 884
644, 883
644, 882
644, 881
644, 880
644, 879
644, 878
644, 877
643, 877
643, 876
644, 876
644, 875
644, 874
643, 875
643, 874
644, 874
644, 875
644, 876
644, 875
643, 875
643, 874
643, 873
642, 873
641, 873
641, 874
640, 874
639, 874
638, 874
637, 874
637, 873
636, 873
635, 874
634, 874
634, 875
634, 874
635, 874
634, 874
633, 874
631, 874
630, 873
629, 873
629, 874
628, 874
627, 874
628, 875
628, 876
629, 876
629, 875
630, 875
630, 874
631, 874
630, 875
629, 875
629, 876
630, 876
630, 877
631, 877
632, 877
632, 876
633, 876
633, 875
633, 874
633, 873
634, 873
635, 873
636, 873
636, 874
638, 874
639, 875
639, 874
638, 874
638, 875
638, 876
638, 877
638, 878
638, 879
638, 880
638, 881
638, 882
638, 883
638, 884
638, 885
638, 886
638, 887
638, 888
638, 889
638, 890
638, 891
638, 892
638, 893
638, 894
638, 895
638, 896
638, 897
638, 898
639, 898
639, 899
639, 901
639, 902
639, 903
639, 904
639, 905
639, 906
638, 907
638, 908
638, 909
638, 910
638, 909
638, 910
637, 910
636, 910
636, 909
635, 909
636, 909
635, 908
635, 907
634, 907
635, 907
635, 908
637, 908
638, 908
638, 907
638, 906
638, 905
638, 904
638, 903
638, 902
638, 901
638, 899
638, 898
638, 897
638, 896
638, 895
638, 894
638, 893
638, 892
638, 891
638, 890
638, 889
638, 888
638, 887
638, 886
638, 885
638, 883
638, 882
638, 881
638, 880
638, 879
638, 878
638, 877
638, 876
638, 875
636, 874
635, 874
634, 874
634, 875
633, 875
632, 875
632, 876
632, 877
631, 877
631, 878
629, 878
628, 878
628, 877
627, 877
627, 878
626, 878
626, 877
625, 877
625, 876
625, 875
624, 875
623, 875
622, 875
621, 875
620, 875
619, 875
618, 875
617, 875
616, 875
615, 875
615, 874
616, 873
617, 873
617, 874
618, 874
617, 874
617, 875
616, 875
616, 874
615, 874
615, 873
614, 873
613, 873
612, 873
611, 873
610, 873
610, 874
609, 874
608, 874
607, 874
606, 874
606, 875
605, 875
605, 873
605, 872
605, 871
606, 871
606, 870
606, 869
606, 868
607, 868
607, 867
607, 866
607, 865
607, 864
606, 864
606, 862
606, 863
605, 864
605, 865
605, 866
606, 866
606, 867
605, 867
605, 868
605, 869
604, 869
604, 871
605, 871
604, 871
604, 872
604, 873
603, 873
603, 874
602, 874
600, 874
599, 874
599, 875
598, 875
597, 875
596, 875
596, 874
595, 874
594, 873
594, 872
594, 871
595, 869
595, 870
595, 871
595, 872
595, 873
595, 874
596, 874
597, 875
598, 875
600, 875
601, 875
602, 875
603, 875
603, 874
604, 874
605, 874
605, 875
605, 876
606, 876
606, 877
606, 878
606, 880
605, 880
605, 881
605, 882
605, 883
605, 884
605, 885
606, 885
606, 886
606, 887
606, 888
606, 889
606, 890
606, 891
606, 893
605, 893
605, 894
605, 895
605, 896
605, 897
604, 897
604, 898
605, 898
605, 899
605, 900
605, 901
605, 902
605, 902
606, 902
605, 902
605, 901
605, 900
605, 899
605, 898
605, 897
605, 896
605, 895
605, 894
605, 893
605, 892
605, 891
604, 890
604, 889
605, 889
605, 888
605, 887
605, 886
605, 884
605, 883
605, 882
605, 881
605, 880
605, 879
604, 879
604, 878
604, 877
604, 876
604, 875
605, 875
605, 874
606, 874
607, 873
608, 873
609, 873
610, 873
611, 873
612, 873
612, 874
613, 874
614, 874
615, 874
617, 874
618, 874
618, 873
619, 873
620, 873
621, 873
622, 873
623, 873
624, 873
625, 873
626, 873
627, 873
628, 873
629, 873
630, 873
631, 873
632, 873
633, 873
634, 873
634, 874
635, 874
635, 875
636, 874
637, 874
638, 874
639, 874
640, 874
641, 874
642, 874
641, 874
640, 874
640, 875
641, 874
642, 874
642, 873
642, 874
643, 876
643, 877
643, 878
643, 879
643, 878
643, 877
643, 876
644, 877
644, 878
644, 879
644, 880
644, 881
644, 880
644, 879
644, 878
643, 877
643, 876
643, 875
642, 875
641, 874
640, 874
639, 874
638, 874
637, 874
636, 874
635, 874
634, 874
633, 874
632, 874
631, 874
630, 874
629, 874
628, 874
627, 874
625, 874
624, 874
623, 874
622, 874
621, 874
620, 874
619, 874
618, 874
617, 874
616, 874
615, 874
614, 874
614, 875
612, 875
613, 875
615, 875
615, 874
616, 874
616, 873
617, 873
618, 873
617, 873
616, 873
615, 874
614, 874
613, 874
612, 874
611, 874
610, 874
609, 874
608, 874
607, 874
606, 874
605, 874
605, 873
605, 872
605, 871
605, 872
605, 873
605, 874
606, 874
605, 875
605, 874
604, 874
603, 874
602, 874
601, 875
601, 874
600, 874
599, 874
598, 874
597, 874
596, 874
595, 874
594, 874
594, 875
595, 875
596, 875
596, 874
596, 873
595, 873
595, 872
595, 871
594, 871
594, 870
595, 870
595, 871
595, 872
596, 872
596, 873
595, 873
596, 873
597, 873
597, 874
598, 874
599, 874
600, 874
601, 874
602, 874
603, 874
604, 874
605, 874
606, 874
607, 874
607, 875
608, 875
608, 874
607, 874
608, 874
609, 874
610, 874
610, 875
611, 875
612, 875
613, 875
614, 875
613, 875
613, 874
613, 874
614, 874
614, 875
615, 875
616, 875
617, 875
618, 874
619, 874
620, 874
621, 874
621, 875
622, 875
623, 875
624, 875
625, 875
626, 875
625, 875
626, 875
625, 875
624, 875
624, 874
623, 874
622, 874
621, 874
620, 874
619, 874
618, 874
617, 874
616, 874
615, 874
614, 874
612, 874
611, 874
610, 874
609, 874
608, 874
607, 874
606, 874
605, 874
605, 873
605, 872
604, 872
604, 871
605, 871
605, 872
605, 873
606, 873
606, 874
607, 874
607, 873
607, 874
608, 874
608, 873
609, 873
610, 873
611, 873
611, 874
610, 874
610, 875
609, 874
609, 875
610, 875
611, 875
610, 875
609, 875
609, 874
608, 874
608, 875
607, 875
607, 874
606, 874
606, 875
605, 876
605, 877
605, 878
605, 879
605, 880
604, 880
605, 881
606, 881
606, 880
606, 879
605, 878
605, 877
605, 876
605, 875
606, 875
607, 875
608, 874
609, 874
610, 874
611, 874
612, 874
613, 874
614, 874
615, 874
616, 874
617, 874
618, 874
619, 874
620, 874
621, 874
622, 874
623, 874
624, 874
625, 874
626, 874
627, 874
626, 874
626, 873
627, 873
628, 873
629, 873
630, 873
631, 873
632, 873
632, 874
633, 874
634, 874
633, 874
632, 874
631, 874
630, 874
629, 874
628, 874
626, 874
625, 874
624, 874
623, 874
622, 874
621, 874
620, 874
619, 874
618, 874
617, 874
616, 874
614, 874
613, 874
612, 873
611, 873
610, 873
609, 873
610, 873
610, 874
610, 875
610, 874
609, 874
609, 873
610, 873
610, 874
610, 873
610, 874
609, 874
609, 873
608, 873
607, 874
606, 874
606, 875
606, 876
605, 877
605, 878
605, 879
605, 880
606, 881
606, 882
606, 884
606, 885
606, 886
606, 887
606, 888
605, 888
605, 889
606, 889
606, 888
606, 889
605, 889
605, 890
605, 889
605, 890
604, 890
604, 889
604, 888
604, 887
605, 886
605, 885
605, 884
605, 883
605, 882
605, 880
605, 879
605, 878
606, 878
606, 877
606, 876
605, 876
606, 876
606, 875
607, 875
608, 875
609, 874
610, 874
611, 874
612, 874
613, 874
614, 874
616, 874
617, 874
618, 874
619, 874
620, 874
621, 874
620, 874
620, 875
621, 875
620, 875
619, 875
621, 875
622, 875
623, 875
624, 875
624, 874
625, 874
626, 874
627, 874
628, 874
629, 874
630, 874
631, 874
632, 874
633, 874
634, 874
633, 874
633, 873
632, 873
631, 873
630, 873
629, 872
628, 872
627, 872
626, 872
626, 873
628, 874
629, 874
630, 874
631, 874
632, 874
632, 875
633, 875
633, 876
632, 876
632, 877
631, 877
630, 877
630, 878
630, 877
631, 877
631, 878
632, 878
632, 877
633, 877
633, 876
632, 876
631, 876
631, 877
632, 878
631, 878
632, 878
633, 878
633, 879
634, 879
635, 879
634, 879
634, 878
633, 878
633, 877
632, 877
632, 876
633, 876
632, 875
632, 874
633, 874
634, 874
635, 873
635, 874
634, 874
633, 874
632, 874
631, 874
630, 874
630, 875
628, 876
627, 876
626, 876
626, 875
625, 875
624, 875
623, 875
622, 875
621, 875
620, 875
620, 874
618, 874
617, 874
616, 874
615, 874
615, 875
614, 875
613, 875
612, 875
612, 874
611, 874
610, 873
609, 873
608, 873
608, 874
607, 874
606, 874
605, 874
604, 874
604, 875
604, 876
604, 877
605, 877
605, 878
605, 879
605, 880
605, 881
605, 882
605, 883
605, 884
605, 885
605, 886
605, 887
605, 888
606, 888
606, 889
606, 890
606, 889
606, 890
606, 891
606, 892
606, 893
606, 894
605, 894
605, 893
605, 894
606, 894
606, 895
606, 896
606, 897
606, 898
606, 899
606, 900
605, 900
605, 899
604, 899
605, 899
605, 898
605, 897
604, 896
605, 897
605, 898
605, 899
605, 900
604, 900
604, 901
605, 900
606, 899
606, 898
605, 898
605, 897
606, 897
606, 896
605, 896
605, 895
605, 894
605, 893
605, 892
605, 891
605, 890
605, 889
605, 887
605, 886
605, 885
605, 884
605, 883
605, 882
605, 881
605, 880
605, 879
604, 879
604, 878
604, 877
604, 876
604, 875
604, 874
603, 874
603, 873
603, 874
602, 874
601, 874
600, 874
599, 874
598, 874
597, 874
596, 873
595, 873
595, 874
596, 874
597, 874
598, 874
599, 874
600, 874
601, 874
602, 874
603, 874
605, 874
606, 874
607, 874
608, 874
609, 874
610, 874
611, 874
612, 874
613, 874
614, 874
616, 874
616, 873
617, 873
618, 873
619, 873
619, 874
620, 874
621, 874
622, 874
623, 874
624, 874
625, 874
626, 874
627, 874
628, 874
630, 874
631, 874
632, 874
634, 874
635, 874
636, 874
637, 874
638, 874
639, 874
640, 874
641, 874
642, 874
643, 875
643, 874
642, 874
642, 875
642, 876
642, 875
642, 876
642, 875
642, 876
642, 877
643, 877
643, 878
644, 878
644, 879
644, 880
644, 881
644, 882
643, 882
643, 883
643, 884
643, 885
643, 886
644, 887
644, 888
644, 889
644, 890
644, 891
643, 891
643, 892
643, 893
642, 893
642, 894
643, 894
643, 895
642, 895
643, 894
643, 893
644, 893
644, 894
643, 894
643, 895
642, 895
642, 896
642, 897
642, 898
642, 899
643, 899
642, 899
641, 900
640, 900
640, 899
641, 899
642, 899
642, 898
643, 898
643, 897
643, 896
642, 896
643, 896
642, 896
642, 895
643, 895
644, 895
644, 894
644, 893
644, 892
644, 891
643, 890
643, 891
644, 891
644, 892
643, 892
643, 893
642, 893
642, 894
642, 893
642, 894
642, 893
643, 893
643, 894
644, 894
644, 893
643, 894
642, 894
642, 893
643, 893
643, 894
642, 894
643, 893
643, 892
644, 892
644, 891
643, 890
643, 889
643, 888
643, 887
643, 885
643, 884
644, 884
644, 883
644, 882
644, 881
644, 880
644, 879
644, 878
644, 877
644, 876
644, 875
644, 874
644, 873
644, 874
643, 874
643, 875
643, 876
643, 878
643, 879
644, 880
644, 881
644, 882
644, 883
644, 884
644, 885
644, 886
643, 886
643, 886
643, 887
643, 888
643, 889
644, 890
644, 891
644, 892
644, 893
644, 894
643, 894
644, 894
644, 894
643, 894
642, 894
642, 893
643, 893
642, 893
643, 893
643, 894
643, 895
644, 895
643, 895
642, 896
642, 897
642, 896
642, 895
642, 894
642, 893
643, 893
644, 893
644, 894
644, 893
643, 893
643, 892
643, 893
642, 893
642, 894
642, 895
643, 896
643, 897
642, 897
641, 898
642, 897
642, 896
642, 895
643, 894
644, 894
643, 894
642, 894
642, 893
643, 893
643, 894
642, 894
643, 894
643, 895
643, 896
642, 897
643, 897
643, 896
644, 896
643, 896
643, 897
642, 897
642, 898
643, 898
643, 897
644, 896
644, 895
644, 894
643, 894
642, 894
642, 895
642, 896
642, 897
642, 896
643, 896
643, 895
643, 894
643, 893
644, 893
644, 892
643, 892
644, 892
644, 893
644, 894
643, 894
643, 895
643, 896
643, 897
642, 897
642, 896
642, 895
643, 895
642, 895
643, 895
644, 895
644, 893
643, 893
644, 893
644, 892
644, 891
643, 891
643, 890
643, 889
642, 889
642, 888
642, 887
642, 886
642, 885
642, 884
642, 883
642, 882
642, 881
643, 881
643, 880
643, 879
643, 878
644, 876
644, 875
643, 875
642, 874
641, 874
640, 874
639, 874
638, 874
636, 874
635, 874
634, 875
633, 875
632, 875
631, 875
630, 875
630, 876
630, 875
631, 875
631, 874
633, 874
634, 874
635, 874
635, 873
636, 873
637, 874
637, 875
638, 875
640, 875
641, 875
642, 875
643, 875
643, 876
644, 876
643, 876
643, 875
642, 875
641, 875
642, 875
643, 875
643, 874
644, 873
644, 874
644, 875
644, 876
644, 875
644, 874
644, 873
643, 873
644, 873
644, 874
644, 875
643, 875
642, 874
641, 874
640, 874
639, 874
638, 874
637, 874
635, 874
635, 873
634, 873
633, 873
632, 873
632, 872
631, 872
630, 872
629, 872
628, 872
627, 872
626, 872
626, 873
626, 872
627, 871
628, 871
628, 870
629, 870
629, 869
629, 870
628, 870
628, 871
628, 870
629, 870
629, 869
629, 870
628, 870
628, 871
627, 871
627, 872
626, 873
626, 874
627, 874
627, 873
628, 873
628, 872
628, 871
629, 871
629, 870
630, 870
630, 871
631, 871
632, 871
633, 872
634, 872
634, 873
635, 874
636, 874
635, 874
634, 874
634, 875
634, 876
634, 877
633, 877
633, 878
632, 878
632, 877
631, 877
631, 876
630, 876
629, 875
629, 874
628, 874
628, 873
627, 873
626, 872
625, 872
626, 872
626, 872
626, 873
625, 873
625, 874
624, 874
623, 874
622, 874
621, 874
620, 874
618, 874
617, 874
616, 875
615, 875
614, 875
613, 875
612, 875
611, 875
610, 875
609, 876
608, 876
607, 876
608, 876
609, 876
609, 875
609, 876
610, 876
611, 876
612, 876
611, 876
612, 876
611, 876
611, 875
644, 873
643, 874
642, 874
641, 874
640, 874
639, 874
639, 875
638, 875
638, 874
637, 874
636, 874
635, 874
635, 875
634, 875
633, 875
632, 876
631, 876
630, 876
629, 877
628, 877
627, 877
626, 876
627, 876
626, 876
625, 876
624, 875
623, 875
624, 875
625, 875
625, 876
626, 876
627, 876
628, 876
628, 875
627, 875
626, 875
626, 874
625, 874
626, 873
627, 873
628, 874
628, 875
627, 875
627, 874
626, 874
626, 873
626, 872
626, 871
627, 871
627, 872
628, 873
628, 874
629, 874
628, 875
627, 875
627, 874
626, 874
626, 873
626, 872
625, 873
626, 873
625, 873
625, 872
626, 872
626, 871
627, 871
626, 871
625, 871
625, 872
625, 873
625, 874
624, 874
625, 874
624, 874
623, 874
622, 873
623, 874
624, 874
625, 874
626, 875
627, 875
628, 875
630, 876
631, 876
632, 876
632, 875
633, 875
634, 875
635, 875
636, 874
637, 874
638, 874
639, 874
640, 874
641, 874
641, 873
642, 873
643, 873
644, 873
643, 873
643, 874
642, 874
641, 874
640, 874
639, 874
638, 874
637, 874
636, 873
635, 873
634, 873
633, 873
632, 873
632, 872
630, 872
629, 872
628, 872
627, 872
627, 873
626, 873
625, 873
624, 873
623, 873
623, 874
622, 874
622, 875
621, 875
620, 875
619, 875
618, 875
618, 874
617, 874
616, 874
615, 874
614, 874
613, 873
612, 873
611, 873
610, 873
609, 873
609, 874
608, 874
607, 874
607, 876
606, 876
606, 877
605, 877
605, 878
605, 877
605, 878
605, 877
605, 876
606, 876
606, 875
605, 875
605, 874
605, 875
605, 877
605, 876
604, 876
604, 875
605, 875
605, 874
606, 874
607, 874
608, 874
608, 875
609, 875
610, 875
611, 874
610, 874
609, 874
609, 875
608, 875
607, 875
607, 876
606, 877
607, 876
606, 876
606, 875
605, 875
606, 875
607, 875
608, 874
609, 874
610, 874
610, 873
611, 873
611, 874
612, 874
611, 874
611, 875
611, 874
610, 874
609, 874
609, 873
608, 873
607, 873
606, 873
606, 874
605, 874
605, 875
605, 874
604, 874
603, 874
602, 874
601, 874
600, 874
599, 874
598, 874
597, 873
596, 873
595, 873
594, 873
595, 873
596, 873
597, 873
597, 874
597, 875
596, 875
595, 875
595, 874
596, 874
596, 873
595, 873
595, 874
594, 873
595, 873
595, 872
595, 871
596, 872
596, 873
595, 873
595, 874
595, 875
594, 875
595, 875
595, 874
596, 874
597, 874
598, 874
599, 874
600, 874
602, 874
603, 875
604, 875
605, 875
606, 875
607, 875
608, 875
609, 875
610, 875
610, 874
611, 874
612, 874
613, 874
614, 874
615, 874
616, 874
617, 874
618, 874
619, 874
620, 874
621, 874
622, 874
623, 874
625, 874
626, 874
627, 875
627, 876
628, 876
629, 876
630, 876
631, 875
632, 875
633, 875
634, 875
635, 875
636, 875
637, 874
638, 874
639, 874
640, 874
641, 874
641, 875
643, 875
644, 875
644, 876
644, 877
644, 878
644, 879
644, 880
644, 881
644, 882
644, 883
644, 884
644, 885
644, 886
644, 887
644, 888
644, 889
644, 890
644, 891
644, 892
643, 892
643, 893
643, 894
643, 896
642, 896
642, 897
641, 897
641, 898
641, 899
640, 899
640, 900
640, 899
639, 900
639, 901
639, 902
638, 902
638, 903
637, 903
637, 905
637, 906
637, 907
637, 908
637, 909
636, 909
636, 910
636, 911
636, 912
635, 912
635, 913
635, 914
635, 916
634, 916
634, 917
634, 918
634, 919
634, 920
634, 921
634, 922
634, 923
634, 924
634, 925
633, 927
633, 928
633, 929
633, 930
633, 931
633, 932
633, 933
633, 934
633, 935
633, 936
633, 938
633, 939
633, 940
633, 941
633, 942
633, 943
633, 944
633, 945
633, 946
633, 947
633, 948
633, 950
633, 951
633, 952
633, 953
633, 954
633, 955
633, 956
633, 957
633, 958
633, 959
633, 960
633, 961
633, 963
633, 964
633, 965
632, 965
632, 966
632, 967
632, 968
633, 968
633, 967
634, 967
635, 967
636, 967
636, 966
637, 966
638, 966
639, 966
640, 966
641, 966
642, 965
643, 965
644, 965
645, 965
646, 965
647, 965
647, 966
646, 966
645, 966
644, 966
643, 966
642, 966
641, 966
640, 966
639, 966
638, 966
637, 966
637, 967
636, 967
635, 967
635, 966
634, 966
633, 966
633, 965
633, 966
633, 967
634, 968
633, 968
632, 968
632, 967
632, 966
632, 965
633, 964
634, 964
633, 964
634, 964
634, 965
634, 964
633, 964
634, 964
634, 963
635, 963
636, 963
637, 963
638, 963
639, 963
640, 963
641, 963
642, 963
643, 963
644, 963
645, 963
646, 963
647, 963
648, 963
649, 963
650, 963
651, 963
652, 963
653, 963
654, 963
656, 963
657, 963
658, 963
659, 963
660, 963
661, 963
662, 963
663, 963
664, 963
664, 964
664, 965
665, 965
665, 966
665, 967
665, 968
665, 969
665, 971
665, 972
665, 973
666, 973
666, 974
666, 975
666, 977
666, 978
666, 979
666, 980
667, 980
667, 981
668, 981
668, 982
669, 982
669, 983
670, 983
671, 983
672, 983
673, 983
674, 983
673, 983
674, 983
673, 983
673, 984
674, 985
675, 986
676, 986
676, 987
677, 987
677, 989
677, 990
678, 990
678, 991
678, 992
678, 993
679, 993
680, 993
681, 993
682, 993
683, 993
684, 993
685, 993
686, 993
687, 993
687, 995
687, 996
687, 995
688, 995
690, 995
691, 995
692, 995
693, 995
694, 995
695, 995
696, 995
697, 995
698, 995
699, 995
701, 995
702, 996
703, 996
704, 996
705, 996
706, 996
707, 996
708, 996
709, 995
710, 995
711, 995
712, 995
713, 995
714, 995
715, 995
716, 995
717, 995
718, 995
719, 995
720, 995
721, 995
722, 995
723, 995
723, 995
722, 995
721, 995
722, 995
723, 995
724, 995
725, 995
726, 995
727, 995
727, 994
727, 993
728, 993
729, 992
730, 992
731, 992
732, 992
732, 991
733, 991
733, 990
734, 990
734, 989
735, 989
735, 988
736, 988
737, 987
738, 987
739, 986
740, 986
740, 985
741, 985
741, 984
742, 984
743, 984
743, 983
744, 983
744, 982
745, 982
746, 982
746, 981
747, 981
749, 980
749, 979
749, 980
749, 981
750, 981
750, 982
751, 982
752, 982
751, 981
750, 981
749, 981
749, 982
748, 982
747, 982
746, 983
745, 984
744, 984
744, 983
745, 982
746, 982
747, 982
748, 982
749, 982
750, 982
751, 982
752, 982
753, 983
755, 983
756, 983
756, 984
756, 985
757, 985
757, 984
758, 984
759, 984
759, 983
759, 982
759, 983
758, 983
758, 984
757, 984
757, 983
756, 983
755, 983
754, 983
753, 983
753, 982
752, 982
752, 981
751, 981
751, 980
751, 979
751, 978
750, 977
750, 976
750, 974
750, 973
750, 972
750, 971
750, 970
751, 969
751, 968
751, 967
752, 966
753, 965
754, 965
755, 964
756, 964
756, 963
757, 963
758, 963
758, 962
759, 962
759, 961
760, 961
760, 960
762, 959
763, 959
764, 959
763, 959
763, 958
763, 957
763, 956
764, 955
765, 955
766, 955
767, 955
768, 955
769, 955
771, 956
772, 956
773, 956
774, 956
775, 956
775, 957
777, 957
777, 958
778, 958
777, 958
777, 957
776, 957
775, 957
774, 956
772, 955
771, 955
771, 954
770, 954
770, 953
769, 953
769, 952
769, 951
769, 950
769, 949
769, 948
769, 946
769, 945
770, 945
771, 945
770, 945
769, 944
768, 944
767, 945
766, 945
767, 945
768, 945
769, 945
770, 945
771, 945
772, 945
773, 945
774, 945
775, 945
776, 945
778, 945
779, 945
780, 945
781, 945
782, 945
783, 945
784, 945
786, 945
786, 946
787, 946
788, 946
789, 946
790, 946
791, 946
792, 946
793, 946
793, 947
793, 948
793, 949
794, 949
795, 948
796, 948
797, 948
798, 948
799, 948
800, 948
801, 948
801, 949
801, 950
801, 949
800, 948
799, 948
797, 948
797, 949
796, 949
795, 949
794, 949
793, 949
793, 948
792, 948
792, 947
791, 947
791, 946
792, 946
792, 945
793, 945
794, 945
794, 944
794, 943
795, 943
795, 942
796, 941
797, 941
797, 940
798, 940
798, 939
798, 938
798, 937
798, 936
799, 935
799, 934
799, 933
799, 931
799, 930
799, 929
800, 928
801, 928
801, 927
802, 927
802, 926
803, 926
803, 925
803, 924
804, 923
804, 922
805, 921
805, 920
806, 919
806, 918
806, 917
806, 916
806, 915
806, 914
806, 913
806, 912
807, 912
807, 911
807, 910
807, 909
807, 908
807, 907
807, 906
807, 905
806, 905
806, 904
806, 902
806, 901
805, 900
805, 899
805, 898
805, 897
804, 897
804, 896
804, 895
804, 894
804, 893
803, 892
802, 892
801, 891
799, 891
799, 890
799, 889
798, 889
798, 888
797, 888
797, 887
797, 886
796, 886
795, 885
794, 885
793, 884
793, 883
792, 883
792, 882
792, 881
791, 881
791, 880
791, 879
791, 878
790, 878
790, 877
790, 876
791, 876
791, 875
791, 874
791, 874
790, 874
791, 875
791, 876
791, 877
791, 878
791, 879
791, 880
791, 881
791, 882
790, 882
790, 881
789, 881
788, 880
787, 880
787, 879
786, 879
785, 878
785, 876
785, 875
785, 874
786, 874
786, 873
787, 873
788, 873
788, 872
789, 872
790, 873
791, 873
792, 873
793, 874
794, 875
794, 876
794, 877
794, 878
793, 878
793, 879
791, 880
791, 881
790, 881
789, 881
788, 881
788, 880
787, 880
787, 879
787, 878
787, 877
786, 877
786, 876
787, 876
787, 875
788, 875
788, 876
788, 877
789, 877
790, 877
790, 878
791, 878
791, 879
792, 879
792, 880
793, 882
794, 883
793, 883
792, 884
791, 884
791, 882
792, 882
792, 881
792, 880
792, 879
792, 878
791, 877
791, 876
791, 875
791, 874
26, 4
27, 4
28, 4
28, 5
29, 5
30, 5
30, 6
31, 6
32, 6
33, 6
34, 6
35, 6
36, 6
36, 7
37, 7
37, 8
38, 8
39, 10
40, 10
40, 11
41, 11
41, 12
42, 12
42, 13
43, 13
44, 14
45, 15
45, 16
45, 17
46, 17
47, 18
48, 18
49, 18
49, 19
48, 19
49, 19
50, 19
51, 19
52, 19
53, 19
53, 18
53, 17
54, 17
54, 16
55, 16
55, 15
55, 14
56, 14
56, 13
57, 13
59, 11
59, 10
59, 9
59, 8
60, 8
61, 8
61, 7
62, 7
63, 7
64, 7
64, 6
65, 6
66, 6
67, 6
68, 6
69, 6
70, 6
71, 6
72, 6
72, 7
71, 7
71, 8
70, 8
69, 7
68, 7
67, 7
66, 7
65, 7
64, 7
63, 7
62, 7
61, 6
60, 6
59, 7
58, 7
57, 7
56, 7
55, 7
53, 7
52, 7
51, 7
50, 7
49, 7
48, 7
47, 7
46, 7
45, 7
44, 7
43, 7
42, 7
41, 7
40, 7
39, 7
38, 7
37, 7
36, 7
35, 7
34, 7
34, 6
33, 6
32, 6
31, 6
31, 5
30, 5
30, 4
30, 5
29, 5
28, 5
28, 4
27, 4
27, 3
nidianazareno, 26, 4
nidianazareno, 26, 3
nidianazareno, 25, 5
nidianazareno, 25, 6
nidianazareno, 26, 6
nidianazareno, 26, 7
nidianazareno, 26, 8
nidianazareno, 27, 8
nidianazareno, 28, 8
nidianazareno, 29, 8
nidianazareno, 30, 8
nidianazareno, 31, 8
nidianazareno, 32, 8
nidianazareno, 32, 7
nidianazareno, 32, 6
nidianazareno, 33, 6
nidianazareno, 33, 5
nidianazareno, 34, 5
nidianazareno, 35, 5
nidianazareno, 36, 5
nidianazareno, 37, 5
nidianazareno, 39, 5
nidianazareno, 40, 5
nidianazareno, 41, 5
nidianazareno, 42, 5
nidianazareno, 43, 5
nidianazareno, 44, 5
nidianazareno, 44, 6
nidianazareno, 44, 7
nidianazareno, 43, 6
nidianazareno, 42, 6
nidianazareno, 41, 6
nidianazareno, 40, 6
nidianazareno, 39, 6
nidianazareno, 38, 6
nidianazareno, 38, 7
nidianazareno, 37, 7
nidianazareno, 36, 7
nidianazareno, 35, 6
nidianazareno, 34, 6
nidianazareno, 32, 6
nidianazareno, 31, 7
nidianazareno, 30, 6
nidianazareno, 29, 6
nidianazareno, 28, 6
nidianazareno, 28, 5
nidianazareno, 29, 4
nidianazareno, 29, 3
nidianazareno, 30, 3
nidianazareno, 31, 3
nidianazareno, 32, 4
nidianazareno, 32, 5
nidianazareno, 33, 5
nidianazareno, 34, 5
nidianazareno, 35, 5
nidianazareno, 37, 6
nidianazareno, 38, 5
nidianazareno, 39, 5
nidianazareno, 40, 5
nidianazareno, 40, 4
nidianazareno, 41, 4
nidianazareno, 41, 3
nidianazareno, 42, 3
nidianazareno, 42, 2
nidianazareno, 42, 1
nidianazareno, 43, 1
nidianazareno, 43, -1
nidianazareno, 44, -1
nidianazareno, 43, -1
nidianazareno, 43, -2
nidianazareno, 43, -3
nidianazareno, 42, -3
nidianazareno, 42, -2
nidianazareno, 41, -2
nidianazareno, 40, -2
nidianazareno, 40, -1
nidianazareno, 39, -2
nidianazareno, 38, -2
nidianazareno, 38, -3
nidianazareno, 37, -3
nidianazareno, 37, -4
nidianazareno, 37, -5
nidianazareno, 37, -7
nidianazareno, 37, -8
nidianazareno, 37, -9
nidianazareno, 36, -9
nidianazareno, 36, -10
nidianazareno, 35, -10
nidianazareno, 35, -11
nidianazareno, 34, -11
nidianazareno, 34, -12
nidianazareno, 33, -12
nidianazareno, 31, -13
nidianazareno, 31, -14
nidianazareno, 30, -14
nidianazareno, 29, -14
nidianazareno, 28, -14
nidianazareno, 27, -14
nidianazareno, 26, -15
nidianazareno, 25, -15
nidianazareno, 24, -16
nidianazareno, 23, -17
nidianazareno, 23, -18
nidianazareno, 22, -18
nidianazareno, 21, -20
nidianazareno, 20, -20
nidianazareno, 19, -20
nidianazareno, 19, -21
nidianazareno, 18, -21
nidianazareno, 17, -21
nidianazareno, 16, -22
nidianazareno, 15, -22
nidianazareno, 14, -22
nidianazareno, 13, -22
nidianazareno, 12, -22
nidianazareno, 11, -21
nidianazareno, 10, -21
nidianazareno, 9, -19
nidianazareno, 8, -19
nidianazareno, 7, -19
nidianazareno, 7, -18
nidianazareno, 7, -16
nidianazareno, 7, -16
nidianazareno, 7, -17
nidianazareno, 6, -18
nidianazareno, 6, -19
nidianazareno, 5, -19
nidianazareno, 5, -20
nidianazareno, 4, -20
nidianazareno, 3, -20
nidianazareno, 2, -20
nidianazareno, 1, -20
nidianazareno, 0, -20
nidianazareno, -1, -21
nidianazareno, -2, -21
nidianazareno, -3, -21
nidianazareno, -3, -22
nidianazareno, -4, -22
nidianazareno, -4, -23
nidianazareno, -5, -23
nidianazareno, -6, -23
nidianazareno, -7, -23
nidianazareno, -7, -22
nidianazareno, -9, -22
nidianazareno, -10, -22
nidianazareno, -9, -22
nidianazareno, -8, -22
nidianazareno, -5, -22
nidianazareno, -5, -23
nidianazareno, -4, -23
nidianazareno, -3, -23
nidianazareno, -2, -23
nidianazareno, -2, -22
nidianazareno, -1, -22
nidianazareno, -1, -21
nidianazareno, 0, -21
nidianazareno, 0, -20
nidianazareno, 1, -20
nidianazareno, 2, -20
nidianazareno, 3, -20
nidianazareno, 4, -20
nidianazareno, 5, -20
nidianazareno, 6, -20
nidianazareno, 7, -20
nidianazareno, 8, -20
nidianazareno, 9, -20
nidianazareno, 11, -20
nidianazareno, 11, -21
nidianazareno, 12, -21
nidianazareno, 13, -21
nidianazareno, 14, -21
nidianazareno, 14, -22
nidianazareno, 15, -22
nidianazareno, 16, -22
nidianazareno, 17, -23
nidianazareno, 18, -23
nidianazareno, 19, -25
nidianazareno, 20, -25
nidianazareno, 20, -26
nidianazareno, 20, -27
nidianazareno, 21, -27
nidianazareno, 21, -28
nidianazareno, 21, -29
nidianazareno, 21, -30
nidianazareno, 21, -31
nidianazareno, 21, -32
nidianazareno, 21, -33
nidianazareno, 21, -34
nidianazareno, 20, -35
nidianazareno, 19, -35
nidianazareno, 19, -36
nidianazareno, 20, -36
nidianazareno, 20, -37
nidianazareno, 21, -38
nidianazareno, 21, -39
nidianazareno, 21, -40
nidianazareno, 21, -41
nidianazareno, 21, -42
nidianazareno, 21, -45
nidianazareno, 22, -45
nidianazareno, 22, -46
nidianazareno, 22, -47
nidianazareno, 22, -48
nidianazareno, 22, -49
nidianazareno, 22, -50
nidianazareno, 23, -50
nidianazareno, 23, -51
nidianazareno, 23, -52
nidianazareno, 23, -54
nidianazareno, 23, -55
nidianazareno, 24, -56
nidianazareno, 24, -57
nidianazareno, 24, -58
nidianazareno, 24, -59
nidianazareno, 24, -60
nidianazareno, 24, -62
nidianazareno, 24, -63
nidianazareno, 24, -64
nidianazareno, 24, -65
nidianazareno, 24, -66
nidianazareno, 24, -67
nidianazareno, 24, -68
nidianazareno, 24, -69
nidianazareno, 24, -70
nidianazareno, 24, -71
nidianazareno, 24, -73
nidianazareno, 24, -74
nidianazareno, 24, -75
nidianazareno, 24, -76
nidianazareno, 24, -77
nidianazareno, 24, -78
nidianazareno, 24, -79
nidianazareno, 24, -80
nidianazareno, 24, -81
nidianazareno, 24, -82
nidianazareno, 24, -85
nidianazareno, 24, -86
nidianazareno, 24, -87
nidianazareno, 24, -88
nidianazareno, 24, -89
nidianazareno, 24, -90
nidianazareno, 24, -91
nidianazareno, 24, -92
nidianazareno, 24, -93
nidianazareno, 24, -94
nidianazareno, 24, -96
nidianazareno, 24, -97
nidianazareno, 24, -98
nidianazareno, 24, -99
nidianazareno, 24, -100
nidianazareno, 24, -101
nidianazareno, 24, -102
nidianazareno, 24, -103
nidianazareno, 24, -104
nidianazareno, 24, -105
nidianazareno, 24, -106
nidianazareno, 24, -107
nidianazareno, 24, -106
nidianazareno, 24, -106
nidianazareno, 25, -106
nidianazareno, 24, -106
nidianazareno, 24, -105
nidianazareno, 23, -105
nidianazareno, 24, -105
nidianazareno, 24, -104
nidianazareno, 24, -103
nidianazareno, 24, -102
nidianazareno, 24, -101
nidianazareno, 24, -100
nidianazareno, 24, -99
nidianazareno, 24, -98
nidianazareno, 24, -95
nidianazareno, 24, -94
nidianazareno, 24, -93
nidianazareno, 24, -92
nidianazareno, 24, -91
nidianazareno, 24, -90
nidianazareno, 24, -89
nidianazareno, 24, -88
nidianazareno, 24, -87
nidianazareno, 24, -86
nidianazareno, 24, -84
nidianazareno, 24, -83
nidianazareno, 24, -82
nidianazareno, 24, -81
nidianazareno, 24, -80
nidianazareno, 24, -79
nidianazareno, 24, -78
nidianazareno, 24, -77
nidianazareno, 24, -76
nidianazareno, 24, -75
nidianazareno, 24, -73
nidianazareno, 24, -72
nidianazareno, 24, -71
nidianazareno, 24, -70
nidianazareno, 24, -69
nidianazareno, 24, -68
nidianazareno, 24, -67
nidianazareno, 24, -66
nidianazareno, 24, -65
nidianazareno, 24, -64
nidianazareno, 24, -61
nidianazareno, 24, -60
nidianazareno, 24, -59
nidianazareno, 24, -58
nidianazareno, 24, -57
nidianazareno, 24, -56
nidianazareno, 23, -56
nidianazareno, 23, -55
nidianazareno, 23, -54
nidianazareno, 23, -53
nidianazareno, 23, -52
nidianazareno, 23, -50
nidianazareno, 23, -49
nidianazareno, 23, -48
nidianazareno, 23, -47
nidianazareno, 22, -47
nidianazareno, 22, -46
nidianazareno, 22, -45
nidianazareno, 22, -44
nidianazareno, 22, -43
nidianazareno, 22, -42
nidianazareno, 23, -41
nidianazareno, 23, -40
nidianazareno, 23, -38
nidianazareno, 22, -38
nidianazareno, 21, -37
nidianazareno, 21, -36
nidianazareno, 21, -35
nidianazareno, 21, -34
nidianazareno, 21, -32
nidianazareno, 21, -31
nidianazareno, 21, -30
nidianazareno, 21, -29
nidianazareno, 21, -28
nidianazareno, 22, -28
nidianazareno, 22, -27
nidianazareno, 22, -26
nidianazareno, 24, -25
nidianazareno, 25, -24
nidianazareno, 26, -24
nidianazareno, 26, -23
nidianazareno, 27, -23
nidianazareno, 28, -22
nidianazareno, 29, -22
nidianazareno, 29, -21
nidianazareno, 30, -21
nidianazareno, 30, -20
nidianazareno, 31, -20
nidianazareno, 32, -19
nidianazareno, 33, -19
nidianazareno, 34, -17
nidianazareno, 34, -16
nidianazareno, 34, -15
nidianazareno, 35, -15
nidianazareno, 36, -15
nidianazareno, 36, -16
nidianazareno, 36, -17
nidianazareno, 37, -17
nidianazareno, 38, -17
nidianazareno, 38, -18
nidianazareno, 39, -18
nidianazareno, 41, -18
nidianazareno, 42, -19
nidianazareno, 43, -19
nidianazareno, 44, -19
nidianazareno, 45, -19
nidianazareno, 45, -18
nidianazareno, 44, -17
nidianazareno, 45, -17
nidianazareno, 45, -16
nidianazareno, 44, -16
nidianazareno, 44, -15
nidianazareno, 43, -15
nidianazareno, 43, -14
nidianazareno, 43, -13
nidianazareno, 43, -12
nidianazareno, 43, -10
nidianazareno, 44, -9
nidianazareno, 44, -8
nidianazareno, 44, -7
nidianazareno, 44, -6
nidianazareno, 44, -5
nidianazareno, 43, -5
nidianazareno, 43, -6
nidianazareno, 44, -5
nidianazareno, 43, -6
nidianazareno, 43, -5
nidianazareno, 43, -4
nidianazareno, 44, -4
nidianazareno, 45, -4
nidianazareno, 46, -3
nidianazareno, 47, -3
nidianazareno, 48, -3
nidianazareno, 49, -2
nidianazareno, 50, -2
nidianazareno, 51, -2
nidianazareno, 53, -2
nidianazareno, 54, -2
nidianazareno, 55, -2
nidianazareno, 56, -2
nidianazareno, 57, -2
nidianazareno, 58, -2
nidianazareno, 59, -1
nidianazareno, 59, 0
nidianazareno, 58, 0
nidianazareno, 57, 1
nidianazareno, 56, 1
nidianazareno, 56, 0
nidianazareno, 55, 0
nidianazareno, 54, 0
nidianazareno, 53, 0
nidianazareno, 52, 0
nidianazareno, 51, 0
nidianazareno, 51, -1
nidianazareno, 50, -1
nidianazareno, 48, -2
nidianazareno, 47, -2
nidianazareno, 46, -2
nidianazareno, 46, -1
nidianazareno, 45, -1
nidianazareno, 44, -1
nidianazareno, 44, 0
nidianazareno, 43, 0
nidianazareno, 43, 1
nidianazareno, 42, 1
nidianazareno, 42, 2
nidianazareno, 41, 3
nidianazareno, 40, 5
nidianazareno, 40, 6
nidianazareno, 39, 6
nidianazareno, 38, 7
nidianazareno, 37, 8
nidianazareno, 36, 8
nidianazareno, 35, 7
nidianazareno, 34, 7
nidianazareno, 33, 7
nidianazareno, 32, 7
nidianazareno, 31, 7
nidianazareno, 30, 7
nidianazareno, 30, 6
nidianazareno, 29, 6
nidianazareno, 28, 5
nidianazareno, 28, 4
nidianazareno, 27, 4
nidianazareno, 27, 3
nidianazareno, 26, 3
nidianazareno, 26, 3
nidianazareno, 27, 3
nidianazareno, 27, 4
nidianazareno, 27, 5
nidianazareno, 27, 6
nidianazareno, 27, 7
nidianazareno, 28, 6
nidianazareno, 28, 5
nidianazareno, 27, 5
nidianazareno, 27, 4
nidianazareno, 27, 3
nidianazareno, 26, 3
nidianazareno, 25, 3
nidianazareno, 26, 3
nidianazareno, 27, 4
nidianazareno, 28, 4
nidianazareno, 28, 5
nidianazareno, 27, 5
nidianazareno, 27, 5
nidianazareno, 28, 5
nidianazareno, 28, 4
nidianazareno, 28, 3
nidianazareno, 27, 3
nidianazareno, 27, 4
nidianazareno, 26, 4
nidianazareno, 26, 3
nidianazareno, 27, 4
nidianazareno, 27, 5
nidianazareno, 27, 6
nidianazareno, 27, 7
nidianazareno, 26, 7
nidianazareno, 25, 7
nidianazareno, 25, 6
nidianazareno, 25, 5
nidianazareno, 25, 4
nidianazareno, 26, 4
nidianazareno, 26, 4
nidianazareno, 27, 4
nidianazareno, 27, 3
nidianazareno, 27, 3
nidianazareno, 26, 3
nidianazareno, 26, 3
nidianazareno, 27, 3
nidianazareno, 26, 3
nidianazareno, 26, 4
nidianazareno, 25, 4
nidianazareno, 26, 3
nidianazareno, 25, 3
nidianazareno, 25, 4
nidianazareno, 25, 6
nidianazareno, 26, 7
nidianazareno, 27, 7
nidianazareno, 28, 7
nidianazareno, 29, 7
nidianazareno, 30, 7
nidianazareno, 31, 7
nidianazareno, 32, 7
nidianazareno, 34, 7
nidianazareno, 35, 7
nidianazareno, 35, 6
nidianazareno, 36, 6
nidianazareno, 37, 6
nidianazareno, 38, 6
nidianazareno, 39, 6
nidianazareno, 40, 6
nidianazareno, 41, 6
nidianazareno, 42, 6
nidianazareno, 43, 6
nidianazareno, 44, 6
nidianazareno, 46, 7
nidianazareno, 47, 7
nidianazareno, 48, 7
nidianazareno, 48, 8
nidianazareno, 49, 8
nidianazareno, 50, 8
nidianazareno, 50, 9
nidianazareno, 50, 10
nidianazareno, 50, 11
nidianazareno, 50, 12
nidianazareno, 50, 13
nidianazareno, 49, 13
nidianazareno, 49, 14
nidianazareno, 49, 16
nidianazareno, 49, 17
nidianazareno, 49, 18
nidianazareno, 48, 18
nidianazareno, 48, 19
nidianazareno, 48, 20
nidianazareno, 47, 20
nidianazareno, 47, 22
nidianazareno, 47, 21
nidianazareno, 47, 20
nidianazareno, 46, 20
nidianazareno, 46, 19
nidianazareno, 45, 19
nidianazareno, 45, 18
nidianazareno, 44, 17
nidianazareno, 44, 16
nidianazareno, 43, 15
nidianazareno, 43, 14
nidianazareno, 42, 14
nidianazareno, 42, 13
nidianazareno, 41, 13
nidianazareno, 41, 12
nidianazareno, 40, 12
nidianazareno, 39, 10
nidianazareno, 38, 10
nidianazareno, 38, 9
nidianazareno, 37, 9
nidianazareno, 37, 8
nidianazareno, 36, 8
nidianazareno, 35, 8
nidianazareno, 35, 7
nidianazareno, 34, 7
nidianazareno, 33, 7
nidianazareno, 33, 6
nidianazareno, 32, 6
nidianazareno, 31, 6
nidianazareno, 30, 6
nidianazareno, 29, 6
nidianazareno, 29, 5
nidianazareno, 28, 5
nidianazareno, 28, 4
nidianazareno, 27, 4
nidianazareno, 27, 3
nidianazareno, 26, 3
nidianazareno, 24, 3
nidianazareno, 25, 3
nidianazareno, 26, 3
nidianazareno, 26, 3
nidianazareno, 25, 3
nidianazareno, 25, 4
nidianazareno, 26, 4
nidianazareno, 27, 4
nidianazareno, 26, 4
nidianazareno, 26, 4
nidianazareno, 26, 3
nidianazareno, 26, 4
nidianazareno, 27, 4
nidianazareno, 28, 4
nidianazareno, 29, 4
nidianazareno, 29, 5
nidianazareno, 30, 5
nidianazareno, 31, 5
nidianazareno, 32, 5
nidianazareno, 33, 5
nidianazareno, 33, 4
nidianazareno, 34, 3
nidianazareno, 35, 3
nidianazareno, 35, 2
nidianazareno, 35, 1
nidianazareno, 36, 1
nidianazareno, 36, 0
nidianazareno, 37, 0
nidianazareno, 38, 0
nidianazareno, 38, -1
nidianazareno, 39, -1
nidianazareno, 41, -2
nidianazareno, 26, 3
nidianazareno, 25, 3
nidianazareno, 26, 3
nidianazareno, 26, 3
nidianazareno, 27, 4
nidianazareno, 27, 3
nidianazareno, 26, 3
nidianazareno, 26, 3
nidianazareno, 27, 3
nidianazareno, 28, 3
nidianazareno, 28, 4
nidianazareno, 27, 4
nidianazareno, 26, 4
nidianazareno, 26, 4
nidianazareno, 26, 3
nidianazareno, 25, 3
nidianazareno, 24, 3
nidianazareno, 23, 3
nidianazareno, 22, 3
nidianazareno, 23, 3
nidianazareno, 23, 3
nidianazareno, 24, 3
nidianazareno, 25, 3
nidianazareno, 26, 3
nidianazareno, 26, 3
nidianazareno, 25, 4
nidianazareno, 26, 4
nidianazareno, 25, 4
nidianazareno, 26, 4
nidianazareno, 26, 3
nidianazareno, 25, 3
nidianazareno, 25, 4
nidianazareno, 26, 4
nidianazareno, 27, 4
nidianazareno, 28, 5
nidianazareno, 28, 6
nidianazareno, 27, 6
nidianazareno, 26, 7
nidianazareno, 25, 7
nidianazareno, 25, 6
nidianazareno, 25, 5
nidianazareno, 25, 4
nidianazareno, 26, 4
nidianazareno, 26, 3
nidianazareno, 26, 3
nidianazareno, 25, 3
nidianazareno, 25, 4
nidianazareno, 25, 3
nidianazareno, 25, 4
nidianazareno, 25, 3
nidianazareno, 26, 4
nidianazareno, 25, 4
nidianazareno, 25, 5
nidianazareno, 25, 6
nidianazareno, 26, 6
nidianazareno, 28, 5
nidianazareno, 28, 4
nidianazareno, 28, 3
nidianazareno, 28, 4
nidianazareno, 29, 4
nidianazareno, 29, 5
nidianazareno, 29, 7
nidianazareno, 28, 7
nidianazareno, 27, 7
nidianazareno, 26, 7
nidianazareno, 26, 6
nidianazareno, 25, 6
nidianazareno, 25, 4
nidianazareno, 26, 4
nidianazareno, 26, 4
nidianazareno, 25, 4
nidianazareno, 25, 5
nidianazareno, 25, 4
nidianazareno, 25, 3
nidianazareno, 26, 3
nidianazareno, 26, 4
nidianazareno, 25, 4
nidianazareno, 25, 5
nidianazareno, 24, 6
nidianazareno, 23, 6
nidianazareno, 22, 6
nidianazareno, 21, 5
nidianazareno, 22, 5
nidianazareno, 22, 6
nidianazareno, 23, 6
nidianazareno, 24, 6
nidianazareno, 24, 5
nidianazareno, 25, 5
nidianazareno, 25, 4
nidianazareno, 26, 4
nidianazareno, 25, 4
nidianazareno, 25, 5
nidianazareno, 24, 5
nidianazareno, 24, 6
nidianazareno, 25, 6
nidianazareno, 25, 5
nidianazareno, 25, 4
nidianazareno, 26, 4
nidianazareno, 26, 4
nidianazareno, 32, 0
nidianazareno, 32, -1
nidianazareno, 32, 0
nidianazareno, 32, -1
nidianazareno, 33, -1
nidianazareno, 33, -2
